t gyro vx vy theta px py
   1.6150000e+00   0.0000000e+00   0.0000000e+00   0.0000000e+00   0.0000000e+00   0.0000000e+00   0.0000000e+00
   1.6282060e+00   0.0000000e+00   0.0000000e+00   0.0000000e+00  -4.7473145e-04  -4.5223017e-05   6.5186506e-05
   1.6484510e+00   0.0000000e+00   0.0000000e+00   0.0000000e+00  -3.8612464e-04  -4.6448586e-05   5.5868023e-05
   1.6683919e+00   0.0000000e+00   0.0000000e+00   0.0000000e+00  -3.1222220e-04  -4.6457802e-05   5.9839278e-05
   1.6883719e+00   0.0000000e+00   0.0000000e+00   0.0000000e+00  -3.3694664e-04  -6.0002559e-05   4.7276803e-05
   1.7016450e+00   0.0000000e+00   0.0000000e+00   0.0000000e+00  -4.5809290e-04  -5.0043653e-05   5.6027899e-05
   1.7216801e+00   0.0000000e+00   0.0000000e+00   0.0000000e+00  -4.2184370e-04  -6.5004985e-05   6.0771759e-05
   1.7417110e+00   0.0000000e+00   0.0000000e+00   0.0000000e+00  -4.0244747e-04  -5.3265151e-05   6.2194766e-05
   1.7617139e+00   0.0000000e+00   0.0000000e+00   0.0000000e+00  -3.9409525e-04  -3.9293873e-05   5.5458226e-05
   1.7749429e+00   0.0000000e+00   0.0000000e+00   0.0000000e+00  -3.4616547e-04  -4.2122734e-05   6.2164914e-05
   1.7952470e+00   0.0000000e+00   0.0000000e+00   0.0000000e+00  -4.1195016e-04  -5.5052561e-05   5.6789116e-05
   1.8150630e+00   0.0000000e+00   0.0000000e+00   0.0000000e+00  -4.1663374e-04  -5.0680624e-05   6.7364687e-05
   1.8350781e+00   0.0000000e+00   0.0000000e+00   0.0000000e+00  -3.4549049e-04  -9.7545266e-05   7.6031857e-05
   1.8483251e+00   0.0000000e+00   0.0000000e+00   0.0000000e+00  -4.2728162e-04  -5.7538859e-05   4.8758603e-05
   1.8685050e+00   0.0000000e+00   0.0000000e+00   0.0000000e+00  -3.4486013e-04  -6.2149335e-05   4.8143479e-05
   1.8886020e+00   0.0000000e+00   0.0000000e+00   0.0000000e+00  -4.2864165e-04  -6.4375475e-05   4.9563780e-05
   1.9084149e+00   0.0000000e+00   0.0000000e+00   0.0000000e+00  -3.3719390e-04  -5.5711274e-05   5.8191662e-05
   1.9216811e+00   0.0000000e+00   0.0000000e+00   0.0000000e+00  -4.1722784e-04  -5.9656032e-05   4.9800084e-05
   1.9418029e+00   0.0000000e+00   0.0000000e+00   0.0000000e+00  -3.0365091e-04  -4.6498081e-05   4.8714818e-05
   1.9618219e+00   0.0000000e+00   0.0000000e+00   0.0000000e+00  -4.5662045e-04  -5.1253322e-05   5.9654391e-05
   1.9817809e+00   0.0000000e+00   0.0000000e+00   0.0000000e+00  -3.7583488e-04  -4.0705736e-05   6.3482561e-05
   1.9949828e+00   0.0000000e+00   0.0000000e+00   0.0000000e+00  -3.3884985e-04  -6.0686001e-05   6.2275378e-05
   2.0151101e+00   0.0000000e+00   0.0000000e+00   0.0000000e+00  -4.9296525e-04  -5.3204336e-05   5.7322142e-05
   2.0351649e+00   0.0000000e+00   0.0000000e+00   0.0000000e+00  -4.7572223e-04  -5.0545593e-05   6.2914990e-05
   2.0550781e+00   0.0000000e+00   0.0000000e+00   0.0000000e+00  -3.8232189e-04  -5.6888104e-05   4.8559679e-05
   2.0682329e+00   0.0000000e+00   0.0000000e+00   0.0000000e+00  -3.0911545e-04  -3.9939145e-05   5.1897700e-05
   2.0885931e+00   0.0000000e+00   0.0000000e+00   0.0000000e+00  -4.5239947e-04  -5.7658148e-05   5.4634220e-05
   2.1084039e+00   0.0000000e+00   0.0000000e+00   0.0000000e+00  -3.8333180e-04  -5.2651158e-05   5.3401712e-05
   2.1283908e+00   0.0000000e+00   0.0000000e+00   0.0000000e+00  -3.7723978e-04  -4.7754608e-05   5.8512565e-05
   2.1415549e+00   0.0000000e+00   0.0000000e+00   0.0000000e+00  -3.8791181e-04  -5.5744447e-05   5.8218468e-05
   2.1618250e+00   0.0000000e+00   0.0000000e+00   0.0000000e+00  -3.7306428e-04  -5.9239643e-05   5.6834341e-05
   2.1817510e+00   0.0000000e+00   0.0000000e+00   0.0000000e+00  -3.7538729e-04  -9.6868651e-05   7.1592183e-05
   2.2017940e+00   0.0000000e+00   0.0000000e+00   0.0000000e+00  -4.7975297e-04  -6.6454956e-05   5.2504348e-05
   2.2150571e+00   0.0000000e+00   0.0000000e+00   0.0000000e+00  -4.4059926e-04  -5.1181611e-05   5.7916351e-05
   2.2351270e+00   0.0000000e+00   0.0000000e+00   0.0000000e+00  -4.0821253e-04  -6.1074758e-05   5.9786224e-05
   2.2550678e+00   0.0000000e+00   0.0000000e+00   0.0000000e+00  -4.6791291e-04  -5.8434410e-05   5.3125745e-05
   2.2750300e+00   0.0000000e+00   0.0000000e+00   0.0000000e+00  -3.4069232e-04  -5.6689399e-05   5.8454992e-05
   2.2883619e+00   0.0000000e+00   0.0000000e+00   0.0000000e+00  -4.9057135e-04  -4.7953000e-05   6.4364043e-05
   2.3085649e+00   0.0000000e+00   0.0000000e+00   0.0000000e+00  -3.4486863e-04  -4.0035912e-05   5.9314481e-05
   2.3286100e+00   0.0000000e+00   0.0000000e+00   0.0000000e+00  -3.4931262e-04  -4.4165267e-05   5.7391516e-05
   2.3485611e+00   0.0000000e+00   0.0000000e+00   0.0000000e+00  -4.1838088e-04  -5.0264298e-05   6.0219323e-05
   2.3616639e+00   0.0000000e+00   0.0000000e+00   0.0000000e+00  -3.5736177e-04  -5.6642377e-05   5.3714240e-05
   2.3818559e+00   0.0000000e+00   0.0000000e+00   0.0000000e+00  -4.6368725e-04  -4.1459620e-05   6.3298575e-05
   2.4019901e+00   0.0000000e+00   0.0000000e+00   0.0000000e+00  -4.1950899e-04  -5.3856939e-05   5.7948140e-05
   2.4218559e+00   0.0000000e+00   0.0000000e+00   0.0000000e+00  -3.7436521e-04  -5.3089802e-05   6.0444387e-05
   2.4349939e+00   0.0000000e+00   0.0000000e+00   0.0000000e+00  -4.2941751e-04  -5.3924650e-05   5.8422352e-05
   2.4551951e+00   0.0000000e+00   0.0000000e+00   0.0000000e+00  -3.9007370e-04  -5.4803953e-05   5.2343706e-05
   2.4751569e+00   0.0000000e+00   0.0000000e+00   0.0000000e+00  -3.9293318e-04  -5.9118344e-05   6.7168977e-05
   2.4952319e+00   0.0000000e+00   0.0000000e+00   0.0000000e+00  -4.3854235e-04  -5.9384178e-05   4.7015978e-05
   2.5083320e+00   0.0000000e+00   0.0000000e+00   0.0000000e+00  -4.5325189e-04  -4.8957872e-05   5.2053338e-05
   2.5285150e+00   0.0000000e+00   0.0000000e+00   0.0000000e+00  -4.1474266e-04  -5.1443259e-05   5.4575472e-05
   2.5485009e+00   0.0000000e+00   0.0000000e+00   0.0000000e+00  -3.9218181e-04  -5.1203562e-05   6.1294270e-05
   2.5684710e+00   0.0000000e+00   0.0000000e+00   0.0000000e+00  -3.9284587e-04  -4.1995482e-05   6.2158149e-05
   2.5816299e+00   0.0000000e+00   0.0000000e+00   0.0000000e+00  -4.6042430e-04  -4.4931005e-05   5.4806077e-05
   2.6018669e+00   0.0000000e+00   0.0000000e+00   0.0000000e+00  -4.5588931e-04  -5.0662636e-05   5.2456189e-05
   2.6218370e+00   0.0000000e+00   0.0000000e+00   0.0000000e+00  -3.9235045e-04  -5.3110285e-05   5.8428733e-05
   2.6417988e+00   0.0000000e+00   0.0000000e+00   0.0000000e+00  -4.4604155e-04  -5.0242457e-05   6.4155420e-05
   2.6549811e+00   0.0000000e+00   0.0000000e+00   0.0000000e+00  -4.2255371e-04  -9.5370299e-05   7.0087532e-05
   2.6751249e+00   0.0000000e+00   0.0000000e+00   0.0000000e+00  -4.0696315e-04  -5.0529510e-05   5.8682140e-05
   2.6951359e+00   0.0000000e+00   0.0000000e+00   0.0000000e+00  -3.6909580e-04  -5.9462257e-05   5.6097749e-05
   2.7151631e+00   0.0000000e+00   0.0000000e+00   0.0000000e+00  -3.6377324e-04  -6.1868806e-05   5.7344387e-05
   2.7283660e+00   0.0000000e+00   0.0000000e+00   0.0000000e+00  -4.3401078e-04  -5.4304240e-05   5.9275911e-05
   2.7486599e+00   0.0000000e+00   0.0000000e+00   0.0000000e+00  -4.5644651e-04  -4.3000063e-05   5.2724490e-05
   2.7686100e+00   0.0000000e+00   0.0000000e+00   0.0000000e+00  -3.9289095e-04  -1.0828013e-04   7.4084435e-05
   2.7884789e+00   0.0000000e+00   0.0000000e+00   0.0000000e+00  -3.9963610e-04  -5.7548133e-05   6.3514677e-05
   2.8017589e+00   0.0000000e+00   0.0000000e+00   0.0000000e+00  -4.6120084e-04  -5.2191814e-05   5.2803157e-05
   2.8219100e+00   0.0000000e+00   0.0000000e+00   0.0000000e+00  -3.8747544e-04  -5.0217447e-05   5.2601428e-05
   2.8418910e+00   0.0000000e+00   0.0000000e+00   0.0000000e+00  -4.3824461e-04  -5.1486725e-05   5.5455672e-05
   2.8618879e+00   0.0000000e+00   0.0000000e+00   0.0000000e+00  -3.9274786e-04  -5.6371934e-05   6.0664240e-05
   2.8749880e+00   0.0000000e+00   0.0000000e+00   0.0000000e+00  -3.8599825e-04  -5.1359019e-05   5.7722196e-05
   2.8953510e+00   0.0000000e+00   0.0000000e+00   0.0000000e+00  -4.3564552e-04  -4.8705772e-05   6.1991509e-05
   2.9152601e+00   0.0000000e+00   0.0000000e+00   0.0000000e+00  -4.2151422e-04  -5.8132027e-05   6.3033343e-05
   2.9352670e+00   0.0000000e+00   0.0000000e+00   0.0000000e+00  -3.6389059e-04  -1.0054151e-04   8.2184177e-05
   2.9483599e+00   0.0000000e+00   0.0000000e+00   0.0000000e+00  -3.8522691e-04  -5.2877970e-05   5.8553861e-05
   2.9685969e+00   0.0000000e+00   0.0000000e+00   0.0000000e+00  -4.4953765e-04  -6.2214946e-05   5.6852999e-05
   2.9886719e+00   0.0000000e+00   0.0000000e+00   0.0000000e+00  -4.4922177e-04  -4.4186143e-05   6.0054277e-05
   3.0085601e+00   0.0000000e+00   0.0000000e+00   0.0000000e+00  -4.0826980e-04  -5.1794046e-05   6.1653277e-05
   3.0217011e+00   0.0000000e+00   0.0000000e+00   0.0000000e+00  -3.8390152e-04  -8.7424714e-05   6.8986755e-05
   3.0420531e+00   0.0000000e+00   0.0000000e+00   0.0000000e+00  -4.4930767e-04  -4.5265286e-05   5.6347371e-05
   3.0619409e+00   0.0000000e+00   0.0000000e+00   0.0000000e+00  -3.7823422e-04  -5.4391576e-05   6.3928516e-05
   3.0819829e+00   0.0000000e+00   0.0000000e+00   0.0000000e+00  -4.8278797e-04  -6.0960369e-05   6.2063509e-05
   3.0950991e+00   0.0000000e+00   0.0000000e+00   0.0000000e+00  -4.3415609e-04  -3.8186402e-05   5.6979249e-05
   3.1152030e+00   0.0000000e+00   0.0000000e+00   0.0000000e+00  -4.2384322e-04  -5.2131637e-05   4.8182559e-05
   3.1352929e+00   0.0000000e+00   0.0000000e+00   0.0000000e+00  -4.5456215e-04  -5.3761183e-05   5.9067950e-05
   3.1551879e+00   0.0000000e+00   0.0000000e+00   0.0000000e+00  -4.2485797e-04  -3.9588983e-05   6.3919618e-05
   3.1704980e+00   0.0000000e+00   0.0000000e+00   0.0000000e+00  -4.1120494e-04  -5.8182990e-05   4.4724315e-05
   3.1886960e+00   0.0000000e+00   0.0000000e+00   0.0000000e+00  -5.0031850e-04  -5.3339685e-05   5.2401307e-05
   3.2085910e+00   0.0000000e+00   0.0000000e+00   0.0000000e+00  -4.0753148e-04  -4.8928101e-05   6.2824114e-05
   3.2285508e+00   0.0000000e+00   0.0000000e+00   0.0000000e+00  -4.3241779e-04  -5.8417462e-05   5.4792140e-05
   3.2419530e+00   0.0000000e+00   0.0000000e+00   0.0000000e+00  -3.8781182e-04  -4.6415714e-05   5.8487351e-05
   3.2620420e+00   0.0000000e+00   0.0000000e+00   0.0000000e+00  -3.9164785e-04  -4.8884419e-05   6.0032258e-05
   3.2822499e+00   0.0000000e+00   0.0000000e+00   0.0000000e+00  -4.0436466e-04  -5.0675710e-05   5.2587479e-05
   3.3027850e+00   0.0000000e+00   0.0000000e+00   0.0000000e+00  -3.6673415e-04  -4.7672746e-05   6.2979126e-05
   3.3162580e+00   0.0000000e+00   0.0000000e+00   0.0000000e+00  -4.5970771e-04  -4.2536875e-05   6.2573553e-05
   3.3361569e+00   0.0000000e+00   0.0000000e+00   0.0000000e+00  -4.8636882e-04  -4.2838841e-05   6.0245652e-05
   3.3539151e+00   0.0000000e+00   0.0000000e+00   0.0000000e+00  -4.5792156e-04  -5.4727369e-05   5.6814532e-05
   3.3739041e+00   0.0000000e+00   0.0000000e+00   0.0000000e+00   7.2970038e-06   1.5126893e-04   7.3242814e-05
   3.3922959e+00   0.0000000e+00   6.9000042e-02   0.0000000e+00   2.2275355e-04   8.9299909e-04   1.0355051e-04
   3.4124889e+00   0.0000000e+00   6.2845245e-02   0.0000000e+00  -2.6402117e-03   2.2028656e-03  -1.0408814e-04
   3.4285639e+00   1.7941961e-01   1.9736157e-01   0.0000000e+00  -6.0628166e-04   3.6666792e-03  -8.3541835e-05
   3.4488870e+00   0.0000000e+00   1.8732929e-01   0.0000000e+00  -3.0371615e-03   7.3592230e-03  -4.4226488e-04
   3.4658511e+00   0.0000000e+00   2.2442143e-01   0.0000000e+00  -4.3430902e-03   1.0224427e-02  -5.9031321e-04
   3.4861291e+00  -1.4223145e-01   2.1903644e-01   0.0000000e+00  -3.9569734e-03   1.3518088e-02  -7.5018894e-04
   3.5063329e+00   1.4275409e-01   2.1984130e-01   0.0000000e+00  -6.9412750e-03   1.9408878e-02  -9.7305529e-04
   3.5199039e+00   0.0000000e+00   3.7404135e-01   0.0000000e+00  -6.6613989e-03   2.1432585e-02  -9.9442523e-04
   3.5400509e+00   0.0000000e+00   2.5195594e-01   0.0000000e+00  -1.0266065e-02   2.8476218e-02  -1.1708125e-03
   3.5603740e+00   0.0000000e+00   2.4977238e-01   0.0000000e+00  -1.0033040e-02   3.3503820e-02  -1.1402709e-03
   3.5805869e+00   0.0000000e+00   2.5113264e-01   0.0000000e+00  -9.6235934e-03   4.1571255e-02  -1.1930164e-03
   3.5941959e+00   0.0000000e+00   3.7300000e-01   0.0000000e+00  -1.0011239e-02   4.4330851e-02  -1.2578146e-03
   3.6143999e+00   0.0000000e+00   3.1405502e-01   0.0000000e+00  -1.0449967e-02   5.2825163e-02  -1.3631451e-03
   3.6346229e+00  -1.4261856e-01   2.8238474e-01   0.0000000e+00  -8.3896450e-03   5.8586627e-02  -1.0595194e-03
   3.6549150e+00   0.0000000e+00   3.1269208e-01   0.0000000e+00  -7.6733018e-03   6.7258019e-02  -1.0708817e-03
   3.6683960e+00   0.0000000e+00   4.7067699e-01   0.0000000e+00  -9.0548796e-03   7.0293134e-02  -1.1567527e-03
   3.6887490e+00   0.0000000e+00   3.1175602e-01   0.0000000e+00  -9.7088483e-03   7.8841975e-02  -1.3306056e-03
   3.7089348e+00   0.0000000e+00   3.1433780e-01   0.0000000e+00  -9.2312734e-03   8.4778902e-02  -1.5106539e-03
   3.7275640e+00   0.0000000e+00   3.4060534e-01   0.0000000e+00  -9.0676661e-03   9.0326137e-02  -1.7629096e-03
   3.7478950e+00   0.0000000e+00   3.1209361e-01   0.0000000e+00  -9.3709088e-03   9.8405581e-02  -1.9425851e-03
   3.7613959e+00   0.0000000e+00   3.7598468e-01   0.0000000e+00  -9.8547688e-03   1.0093671e-01  -2.2436811e-03
   3.7843450e+00   0.0000000e+00   2.7648893e-01   0.0000000e+00  -8.9131096e-03   1.0891467e-01  -2.4600799e-03
   3.7976650e+00   0.0000000e+00   3.8109358e-01   0.0000000e+00  -1.0492353e-02   1.1413085e-01  -2.6431734e-03
   3.8175108e+00   0.0000000e+00   3.1972254e-01   0.0000000e+00  -9.1204989e-03   1.1908787e-01  -2.6474475e-03
   3.8375951e+00   0.0000000e+00   3.1592845e-01   0.0000000e+00  -1.1084034e-02   1.2681802e-01  -3.0112541e-03
   3.8554029e+00   0.0000000e+00   2.8505046e-01   0.0000000e+00  -1.0667342e-02   1.3185876e-01  -3.1012899e-03
   3.8749309e+00   0.0000000e+00   3.2492823e-01   0.0000000e+00  -1.0405707e-02   1.3693743e-01  -3.3204369e-03
   3.8923460e+00   0.0000000e+00   2.9147822e-01   0.0000000e+00  -1.0158324e-02   1.4191168e-01  -3.4079141e-03
   3.9119510e+00   0.0000000e+00   2.5892090e-01   0.0000000e+00  -8.9348845e-03   1.4670734e-01  -3.4759252e-03
   3.9321971e+00  -1.4245626e-01   2.8206339e-01   0.0000000e+00  -1.1654707e-02   1.5430884e-01  -3.7360846e-03
   3.9524441e+00   1.4244905e-01   2.8204912e-01   0.0000000e+00  -1.0084279e-02   1.5903291e-01  -3.7348811e-03
   3.9659908e+00   0.0000000e+00   3.7471286e-01   0.0000000e+00  -1.0898051e-02   1.6414241e-01  -4.4485636e-03
   3.9862279e+00  -1.4251933e-01   2.8218827e-01   0.0000000e+00  -1.2375237e-02   1.6912505e-01  -4.5541776e-03
   4.0064550e+00   1.4258968e-01   2.8232756e-01   0.0000000e+00  -1.0242149e-02   1.7595209e-01  -4.2373625e-03
   4.0267110e+00   0.0000000e+00   2.5059943e-01   0.0000000e+00  -1.1961183e-02   1.8123895e-01  -4.7320445e-03
   4.0405570e+00   0.0000000e+00   3.6661391e-01   0.0000000e+00  -9.6955841e-03   1.8567356e-01  -4.4687864e-03
   4.0607329e+00  -1.4295152e-01   2.8304402e-01   0.0000000e+00  -1.0316872e-02   1.9041707e-01  -4.5056821e-03
   4.0809730e+00   0.0000000e+00   2.5079595e-01   0.0000000e+00  -1.0555768e-02   1.9768656e-01  -4.7140818e-03
   4.1013460e+00   0.0000000e+00   2.4916037e-01   0.0000000e+00  -8.4173310e-03   2.0234580e-01  -4.6995361e-03
   4.1147540e+00   0.0000000e+00   3.7859055e-01   0.0000000e+00  -9.6152958e-03   2.0729690e-01  -4.9768638e-03
   4.1349859e+00   0.0000000e+00   3.1362187e-01   0.0000000e+00  -1.0093630e-02   2.1225562e-01  -5.0991547e-03
   4.1552271e+00   0.0000000e+00   2.5078326e-01   0.0000000e+00  -1.0993815e-02   2.1986199e-01  -5.4167296e-03
   4.1754480e+00   0.0000000e+00   2.5103408e-01   0.0000000e+00  -9.6687838e-03   2.2443689e-01  -5.3852396e-03
   4.1890349e+00   2.1227523e-01   4.2030496e-01   0.0000000e+00  -9.4658161e-03   2.2913302e-01  -5.5029553e-03
   4.2117570e+00   0.0000000e+00   2.2340161e-01   0.0000000e+00  -9.0436334e-03   2.3393932e-01  -5.6112033e-03
   4.2252999e+00  -2.1296540e-01   4.2167149e-01   0.0000000e+00  -1.1750507e-02   2.3902218e-01  -5.8606213e-03
   4.2498810e+00   1.1733280e-01   2.3231895e-01   0.0000000e+00  -9.3773537e-03   2.4598786e-01  -5.9225232e-03
   4.2634070e+00  -2.1323142e-01   4.2219822e-01   0.0000000e+00  -1.0654754e-02   2.5093253e-01  -6.0838554e-03
   4.2836769e+00   0.0000000e+00   2.5042853e-01   0.0000000e+00  -1.0590468e-02   2.5582624e-01  -6.1189717e-03
   4.3039380e+00   1.4235006e-01   2.8185312e-01   0.0000000e+00  -1.0541435e-02   2.6063188e-01  -6.1137786e-03
   4.3225579e+00  -1.5489724e-01   3.0669653e-01   0.0000000e+00  -1.0614345e-02   2.6822205e-01  -6.3081104e-03
   4.3428331e+00   0.0000000e+00   2.5036212e-01   0.0000000e+00  -1.0499138e-02   2.7311464e-01  -6.3954098e-03
   4.3590781e+00   1.7754220e-01   3.5153356e-01   0.0000000e+00  -1.3005013e-02   2.7836939e-01  -6.6437096e-03
   4.3793131e+00  -1.4253375e-01   2.8221683e-01   0.0000000e+00  -1.2634239e-02   2.8611639e-01  -6.7029287e-03
   4.3926850e+00   2.1568893e-01   4.2706408e-01   0.0000000e+00  -1.1665165e-02   2.8852866e-01  -6.6404427e-03
   4.4130511e+00  -1.4161644e-01   2.8040054e-01   0.0000000e+00  -1.2649014e-02   2.9620589e-01  -6.9328638e-03
   4.4333181e+00   0.0000000e+00   2.5046332e-01   0.0000000e+00  -1.1618673e-02   3.0118684e-01  -6.9726061e-03
   4.4536550e+00   1.4181966e-01   2.8080293e-01   0.0000000e+00  -1.4055912e-02   3.0664641e-01  -7.0227621e-03
   4.4670049e+00  -2.1604463e-01   4.2776838e-01   0.0000000e+00  -1.3992253e-02   3.1175090e-01  -7.1824454e-03
   4.4874659e+00   0.0000000e+00   3.1010998e-01   0.0000000e+00  -1.3272920e-02   3.1701967e-01  -7.3846151e-03
   4.5076659e+00  -1.4278123e-01   2.8270683e-01   0.0000000e+00  -1.4062424e-02   3.2474712e-01  -7.4330658e-03
   4.5278410e+00   1.4295697e-01   2.8305479e-01   0.0000000e+00  -1.3150312e-02   3.2985461e-01  -7.5810520e-03
   4.5414599e+00  -2.1177645e-01   4.1931738e-01   0.0000000e+00  -1.3510018e-02   3.3496717e-01  -7.6582014e-03
   4.5618628e+00   1.4136056e-01   2.7989392e-01   0.0000000e+00  -1.1960894e-02   3.3979627e-01  -7.7537648e-03
   4.5824719e+00  -1.3994703e-01   2.7709512e-01   0.0000000e+00  -1.4334884e-02   3.4738007e-01  -8.0198528e-03
   4.6006020e+00   1.5908128e-01   3.1498094e-01   0.0000000e+00  -1.3565357e-02   3.5230227e-01  -8.1999423e-03
   4.6208161e+00  -1.4268177e-01   2.8250991e-01   0.0000000e+00  -1.2506101e-02   3.5691298e-01  -8.2150247e-03
   4.6362659e+00   0.0000000e+00   3.2855595e-01   0.0000000e+00  -1.2186000e-02   3.6163781e-01  -8.2547266e-03
   4.6564861e+00   0.0000000e+00   2.5104362e-01   0.0000000e+00  -1.4875557e-02   3.6900664e-01  -8.4710644e-03
   4.6766699e+00   1.4289532e-01   2.8293273e-01   0.0000000e+00  -1.5046017e-02   3.7368649e-01  -8.6149614e-03
   4.6900300e+00  -2.1587904e-01   3.3245373e-01   0.0000000e+00  -1.5115274e-02   3.7842564e-01  -8.7087771e-03
   4.7104811e+00  -1.4102790e-01   2.7923524e-01   0.0000000e+00  -1.6280374e-02   3.8322158e-01  -8.9268581e-03
   4.7307210e+00   0.0000000e+00   2.5079912e-01   0.0000000e+00  -1.5387932e-02   3.9015858e-01  -9.1224285e-03
   4.7509959e+00   0.0000000e+00   2.5036528e-01   0.0000000e+00  -1.4157179e-02   3.9480268e-01  -9.1082318e-03
   4.7642800e+00   2.1711464e-01   4.2988698e-01   0.0000000e+00  -1.6292695e-02   3.9992764e-01  -9.2790570e-03
   4.7847690e+00   0.0000000e+00   2.4775011e-01   0.0000000e+00  -1.6411211e-02   4.0485272e-01  -9.5596878e-03
   4.8049779e+00  -1.4271792e-01   2.8258149e-01   0.0000000e+00  -1.4105467e-02   4.1226005e-01  -9.7448907e-03
   4.8252380e+00   0.0000000e+00   2.5054877e-01   0.0000000e+00  -1.3972131e-02   4.1753291e-01  -9.9445174e-03
   4.8387829e+00   2.1293320e-01   4.2160773e-01   0.0000000e+00  -1.5639708e-02   4.2301299e-01  -1.0240985e-02
   4.8593059e+00  -1.4053357e-01   2.7825648e-01   0.0000000e+00  -1.4257297e-02   4.2803432e-01  -1.0442968e-02
   4.8823810e+00   0.0000000e+00   2.7497976e-01   0.0000000e+00  -1.4103502e-02   4.3571722e-01  -1.0824702e-02
   4.8997828e+00   1.6573931e-01   3.2816384e-01   0.0000000e+00  -1.3573759e-02   4.4069720e-01  -1.1015269e-02
   4.9130580e+00  -2.1726118e-01   4.3017713e-01   0.0000000e+00  -1.5210280e-02   4.4563054e-01  -1.1298884e-02
   4.9335009e+00   1.4108441e-01   2.7934713e-01   0.0000000e+00  -1.5720285e-02   4.5031067e-01  -1.1517354e-02
   4.9537740e+00   0.0000000e+00   2.5038742e-01   0.0000000e+00  -1.6501130e-02   4.5492822e-01  -1.1601877e-02
   4.9740259e+00   0.0000000e+00   2.5065012e-01   0.0000000e+00  -1.5452499e-02   4.6156725e-01  -1.1572572e-02
   4.9872900e+00  -2.1744148e-01   4.3053414e-01   0.0000000e+00  -1.6988669e-02   4.6397741e-01  -1.1682181e-02
   5.0077811e+00   0.0000000e+00   2.4772535e-01   0.0000000e+00  -1.4690113e-02   4.7068705e-01  -1.1713003e-02
   5.0279490e+00   0.0000000e+00   2.5169369e-01   0.0000000e+00  -1.6353171e-02   4.7552836e-01  -1.1952554e-02
   5.0459220e+00   1.6047254e-01   2.4712771e-01   0.0000000e+00  -1.4814282e-02   4.8171000e-01  -1.1917280e-02
   5.0659230e+00  -1.4420120e-01   2.2206985e-01   0.0000000e+00  -1.6671162e-02   4.8541376e-01  -1.2252758e-02
   5.0833909e+00  -1.6511264e-01   1.8162390e-01   0.0000000e+00  -1.6211121e-02   4.8872856e-01  -1.2320759e-02
   5.1029508e+00   1.4745302e-01   2.2707765e-01   0.0000000e+00  -1.7396598e-02   4.9245614e-01  -1.2390711e-02
   5.1205501e+00   0.0000000e+00   2.8842975e-01   0.0000000e+00  -1.4923767e-02   4.9552388e-01  -1.2293380e-02
   5.1401988e+00   0.0000000e+00   1.9375803e-01   0.0000000e+00  -1.6178757e-02   5.0089666e-01  -1.2426887e-02
   5.1588049e+00   0.0000000e+00   2.7282169e-01   0.0000000e+00  -1.4411180e-02   5.0436060e-01  -1.2394540e-02
   5.1782870e+00   0.0000000e+00   2.6055400e-01   0.0000000e+00  -1.6377022e-02   5.0871925e-01  -1.2512395e-02
   5.1915719e+00   0.0000000e+00   2.8657475e-01   0.0000000e+00  -1.4911265e-02   5.1261557e-01  -1.2676952e-02
   5.2153121e+00  -1.2148914e-01   1.8709328e-01   0.0000000e+00  -1.4257254e-02   5.1931118e-01  -1.2974622e-02
   5.2288350e+00   2.1327986e-01   3.2845099e-01   0.0000000e+00  -1.5153152e-02   5.2158131e-01  -1.3215255e-02
   5.2494041e+00   0.0000000e+00   2.4678499e-01   0.0000000e+00  -1.5100422e-02   5.2839319e-01  -1.3456878e-02
   5.2695900e+00   0.0000000e+00   3.1433780e-01   0.0000000e+00  -1.4922689e-02   5.3288589e-01  -1.3553932e-02
   5.2898339e+00   0.0000000e+00   2.5074838e-01   0.0000000e+00  -1.4120677e-02   5.4025879e-01  -1.3671723e-02
   5.3031139e+00   0.0000000e+00   3.8223962e-01   0.0000000e+00  -1.4070316e-02   5.4262858e-01  -1.3705381e-02
   5.3236321e+00   1.4056689e-01   2.7832244e-01   0.0000000e+00  -1.3657188e-02   5.5027193e-01  -1.3981699e-02
   5.3440051e+00  -1.4156839e-01   2.8030541e-01   0.0000000e+00  -1.4164916e-02   5.5536712e-01  -1.4252399e-02
   5.3641320e+00   1.4329881e-01   2.8373164e-01   0.0000000e+00  -1.4221106e-02   5.6323511e-01  -1.4502002e-02
   5.3773821e+00  -2.1767254e-01   4.3099164e-01   0.0000000e+00  -1.3437673e-02   5.6562114e-01  -1.4534681e-02
   5.3980469e+00   1.3956908e-01   2.7634679e-01   0.0000000e+00  -1.3631754e-02   5.7357322e-01  -1.4861606e-02
   5.4181570e+00  -1.4341920e-01   2.8397002e-01   0.0000000e+00  -1.3165162e-02   5.7869915e-01  -1.4975057e-02
   5.4387151e+00   1.4029382e-01   2.7778177e-01   0.0000000e+00  -1.3860311e-02   5.8656715e-01  -1.5212885e-02
   5.4530329e+00  -2.0143925e-01   3.9884971e-01   0.0000000e+00  -1.4134961e-02   5.8897056e-01  -1.5150720e-02
   5.4732400e+00   0.0000000e+00   3.1400728e-01   0.0000000e+00  -1.3539358e-02   5.9653305e-01  -1.5424412e-02
   5.4937100e+00   0.0000000e+00   2.4797939e-01   0.0000000e+00  -1.3487918e-02   6.0134940e-01  -1.5499855e-02
   5.5136330e+00   1.4476634e-01   2.8663735e-01   0.0000000e+00  -1.3309552e-02   6.0877482e-01  -1.5739626e-02
   5.5313799e+00  -1.6251652e-01   3.2178272e-01   0.0000000e+00  -1.3666856e-02   6.1350468e-01  -1.5928361e-02
   5.5449540e+00   0.0000000e+00   3.7395670e-01   0.0000000e+00  -1.3386325e-02   6.1587499e-01  -1.5854680e-02
   5.5687311e+00   1.2130078e-01   2.4017555e-01   0.0000000e+00  -1.3600868e-02   6.2316567e-01  -1.5957500e-02
   5.5819699e+00  -2.1785775e-01   4.3135834e-01   0.0000000e+00  -1.3476058e-02   6.2779129e-01  -1.6046212e-02
   5.6058500e+00   0.0000000e+00   2.1256706e-01   0.0000000e+00  -1.3894380e-02   6.3494744e-01  -1.6257136e-02
   5.6192918e+00   0.0000000e+00   3.7763879e-01   0.0000000e+00  -1.2899428e-02   6.3734583e-01  -1.6363726e-02
   5.6430530e+00   0.0000000e+00   2.1363199e-01   0.0000000e+00  -1.3607224e-02   6.4433941e-01  -1.6526271e-02
   5.6563670e+00   2.1662620e-01   4.2891988e-01   0.0000000e+00  -1.3086872e-02   6.4907365e-01  -1.6646541e-02
   5.6767669e+00  -1.4138185e-01   2.7993607e-01   0.0000000e+00  -1.3529850e-02   6.5364660e-01  -1.6921789e-02
   5.6970539e+00   0.0000000e+00   2.5021680e-01   0.0000000e+00  -1.2606460e-02   6.6076520e-01  -1.7035786e-02
   5.7173140e+00   1.4235726e-01   2.8186737e-01   0.0000000e+00  -1.2449761e-02   6.6542371e-01  -1.7060893e-02
   5.7308039e+00   0.0000000e+00   3.7629149e-01   0.0000000e+00  -1.2983816e-02   6.7025925e-01  -1.7292162e-02
   5.7513410e+00  -1.4043723e-01   2.7806571e-01   0.0000000e+00  -1.3176901e-02   6.7495557e-01  -1.7367904e-02
   5.7715430e+00   1.4276675e-01   2.8267817e-01   0.0000000e+00  -1.4333933e-02   6.8227441e-01  -1.7553508e-02
   5.7918468e+00   0.0000000e+00   2.5000858e-01   0.0000000e+00  -1.3996095e-02   6.8719201e-01  -1.7460363e-02
   5.8051371e+00  -2.1701427e-01   4.2968824e-01   0.0000000e+00  -1.4279670e-02   6.9215970e-01  -1.7471884e-02
   5.8255900e+00   1.4101554e-01   2.7921077e-01   0.0000000e+00  -1.3504152e-02   6.9711691e-01  -1.7598071e-02
   5.8458270e+00  -1.4251933e-01   2.8218827e-01   0.0000000e+00  -1.3742575e-02   7.0215929e-01  -1.7715251e-02
   5.8661250e+00   1.4209153e-01   2.8134124e-01   0.0000000e+00  -1.3459623e-02   7.0960743e-01  -1.7847046e-02
   5.8820510e+00  -1.8109813e-01   3.5857429e-01   0.0000000e+00  -1.3717781e-02   7.1470925e-01  -1.7856287e-02
   5.9023559e+00   0.0000000e+00   2.4999597e-01   0.0000000e+00  -1.3642981e-02   7.1971238e-01  -1.7854441e-02
   5.9210229e+00   1.5450637e-01   3.0592261e-01   0.0000000e+00  -1.3377743e-02   7.2713818e-01  -1.7963339e-02
   5.9413560e+00   0.0000000e+00   2.4964974e-01   0.0000000e+00  -1.4294554e-02   7.3224249e-01  -1.8229298e-02
   5.9582760e+00  -1.7045867e-01   3.3750817e-01   0.0000000e+00  -1.3404948e-02   7.3739414e-01  -1.8170391e-02
   5.9785100e+00   1.4254097e-01   2.8223112e-01   0.0000000e+00  -1.4296938e-02   7.4244028e-01  -1.8465784e-02
   5.9938191e+00  -1.8839644e-01   3.7302495e-01   0.0000000e+00  -1.3202851e-02   7.4742680e-01  -1.8398908e-02
   6.0139990e+00   1.4292251e-01   2.8298657e-01   0.0000000e+00  -1.2658079e-02   7.5492871e-01  -1.8444382e-02
   6.0318179e+00  -1.6186043e-01   3.2048366e-01   0.0000000e+00  -1.3323880e-02   7.6005450e-01  -1.8497401e-02
   6.0520350e+00   1.4266009e-01   2.8246699e-01   0.0000000e+00  -1.3368753e-02   7.6491535e-01  -1.8717089e-02
   6.0692610e+00  -1.6743146e-01   3.3151429e-01   0.0000000e+00  -1.3152461e-02   7.7000906e-01  -1.8822758e-02
   6.0894340e+00   1.4297148e-01   2.8308353e-01   0.0000000e+00  -1.2329202e-02   7.7706310e-01  -1.8970006e-02
   6.1026611e+00  -2.1805171e-01   4.3174238e-01   0.0000000e+00  -1.3970445e-02   7.7973699e-01  -1.9078317e-02
   6.1231428e+00   0.0000000e+00   2.4783682e-01   0.0000000e+00  -1.3658120e-02   7.8696034e-01  -1.8998388e-02
   6.1434170e+00   0.0000000e+00   2.5037477e-01   0.0000000e+00  -1.4039999e-02   7.9178790e-01  -1.9118209e-02
   6.1666239e+00   0.0000000e+00   2.7341758e-01   0.0000000e+00  -1.3569916e-02   7.9892055e-01  -1.9151820e-02
   6.1769561e+00   0.0000000e+00   4.9129535e-01   0.0000000e+00  -1.4183206e-02   8.0119367e-01  -1.9501239e-02
   6.1974059e+00   0.0000000e+00   2.4822463e-01   0.0000000e+00  -1.4413820e-02   8.0835844e-01  -1.9742214e-02
   6.2176770e+00   0.0000000e+00   2.5041271e-01   0.0000000e+00  -1.2571358e-02   8.1340043e-01  -1.9753634e-02
   6.2379709e+00   0.0000000e+00   2.5013157e-01   0.0000000e+00  -1.3702438e-02   8.2046015e-01  -1.9738052e-02
   6.2514439e+00   0.0000000e+00   3.7676339e-01   0.0000000e+00  -1.3718799e-02   8.2290582e-01  -1.9766461e-02
   6.2716820e+00   0.0000000e+00   3.1352666e-01   0.0000000e+00  -1.3592196e-02   8.3039424e-01  -1.9864558e-02
   6.2918850e+00   0.0000000e+00   2.5125675e-01   0.0000000e+00  -1.3154694e-02   8.3543909e-01  -2.0155031e-02
   6.3122308e+00   0.0000000e+00   2.4949268e-01   0.0000000e+00  -1.3264908e-02   8.4060977e-01  -2.0311676e-02
   6.3257220e+00   0.0000000e+00   4.7031974e-01   0.0000000e+00  -1.3136898e-02   8.4588350e-01  -2.0375667e-02
   6.3487108e+00   0.0000000e+00   2.2080936e-01   0.0000000e+00  -1.3081454e-02   8.5383987e-01  -2.0568234e-02
   6.3689569e+00   0.0000000e+00   3.1340377e-01   0.0000000e+00  -1.3475686e-02   8.5911486e-01  -2.0749964e-02
   6.3841510e+00   0.0000000e+00   3.3408613e-01   0.0000000e+00  -1.3323755e-02   8.6441811e-01  -2.0833218e-02
   6.4044579e+00   0.0000000e+00   3.1246344e-01   0.0000000e+00  -1.1540904e-02   8.7201327e-01  -2.1176829e-02
   6.4187791e+00   2.0139243e-01   3.9875702e-01   0.0000000e+00  -1.2029357e-02   8.7436672e-01  -2.1295655e-02
   6.4393761e+00  -1.4002878e-01   2.7725698e-01   0.0000000e+00  -1.3192189e-02   8.8162699e-01  -2.1613957e-02
   6.4571251e+00   0.0000000e+00   2.8599608e-01   0.0000000e+00  -1.3265158e-02   8.8647630e-01  -2.1522807e-02
   6.4773219e+00   0.0000000e+00   3.1416648e-01   0.0000000e+00  -1.4007913e-02   8.9123459e-01  -2.1714082e-02
   6.4931051e+00   0.0000000e+00   3.2161744e-01   0.0000000e+00  -1.3635786e-02   8.9594848e-01  -2.1642692e-02
   6.5136051e+00   0.0000000e+00   2.4761708e-01   0.0000000e+00  -1.3523540e-02   9.0322589e-01  -2.1673496e-02
   6.5338859e+00   0.0000000e+00   2.5029260e-01   0.0000000e+00  -1.3264572e-02   9.0807557e-01  -2.1875330e-02
   6.5540799e+00   0.0000000e+00   2.5136823e-01   0.0000000e+00  -1.3547066e-02   9.1308076e-01  -2.1979843e-02
   6.5674401e+00   0.0000000e+00   4.7493390e-01   0.0000000e+00  -1.2536527e-02   9.1794109e-01  -2.1985921e-02
   6.5878361e+00   0.0000000e+00   2.4887891e-01   0.0000000e+00  -1.3361362e-02   9.2556131e-01  -2.2134372e-02
   6.6080729e+00   0.0000000e+00   2.5083719e-01   0.0000000e+00  -1.3756666e-02   9.3064676e-01  -2.2258789e-02
   6.6283599e+00   0.0000000e+00   3.1277099e-01   0.0000000e+00  -1.2949245e-02   9.3574814e-01  -2.2330555e-02
   6.6419051e+00   0.0000000e+00   3.7475535e-01   0.0000000e+00  -1.2687115e-02   9.4092602e-01  -2.2423707e-02
   6.6624509e+00   0.0000000e+00   3.0883101e-01   0.0000000e+00  -1.3298950e-02   9.4600986e-01  -2.2820742e-02
   6.6825789e+00   0.0000000e+00   2.5219307e-01   0.0000000e+00  -1.2620413e-02   9.5375301e-01  -2.2844190e-02
   6.7029739e+00   0.0000000e+00   2.4889140e-01   0.0000000e+00  -1.3952622e-02   9.5866994e-01  -2.3253859e-02
   6.7161190e+00   0.0000000e+00   4.8270332e-01   0.0000000e+00  -1.3615628e-02   9.6369100e-01  -2.3342128e-02
   6.7391300e+00   0.0000000e+00   2.2059564e-01   0.0000000e+00  -1.1956922e-02   9.7116467e-01  -2.3474312e-02
   6.7593950e+00   0.0000000e+00   3.1311079e-01   0.0000000e+00  -1.2765080e-02   9.7612482e-01  -2.3729743e-02
   6.7772280e+00   0.0000000e+00   2.8464944e-01   0.0000000e+00  -1.2146303e-02   9.8117179e-01  -2.3765728e-02
   6.7905420e+00   2.1662620e-01   4.2891988e-01   0.0000000e+00  -1.1960627e-02   9.8621165e-01  -2.3839451e-02
   6.8110210e+00  -1.4083574e-01   2.7885476e-01   0.0000000e+00  -1.2462023e-02   9.9113719e-01  -2.4167356e-02
   6.8312959e+00   0.0000000e+00   2.5036528e-01   0.0000000e+00  -1.2320213e-02   9.9870597e-01  -2.4485138e-02
   6.8500559e+00   0.0000000e+00   3.3823024e-01   0.0000000e+00  -1.2571043e-02   1.0038741e+00  -2.4561564e-02
   6.8702320e+00   0.0000000e+00   2.5159149e-01   0.0000000e+00  -1.2170893e-02   1.0090160e+00  -2.4822312e-02
   6.8862059e+00   1.8055540e-01   3.5749968e-01   0.0000000e+00  -1.2881757e-02   1.0140748e+00  -2.4827556e-02
   6.9064829e+00  -1.4223864e-01   2.8163250e-01   0.0000000e+00  -1.3134037e-02   1.0218802e+00  -2.5148669e-02
   6.9267199e+00   1.4251933e-01   2.8218827e-01   0.0000000e+00  -1.2354182e-02   1.0271675e+00  -2.5066505e-02
   6.9404799e+00  -2.0960550e-01   4.1501889e-01   0.0000000e+00  -1.3262848e-02   1.0321456e+00  -2.5323006e-02
   6.9608089e+00   0.0000000e+00   2.4970004e-01   0.0000000e+00  -1.4301167e-02   1.0372631e+00  -2.5608820e-02
   6.9809620e+00   1.4311314e-01   2.8336401e-01   0.0000000e+00  -1.4135956e-02   1.0448292e+00  -2.5802116e-02
   7.0012300e+00  -1.4230152e-01   2.8175700e-01   0.0000000e+00  -1.3369644e-02   1.0498054e+00  -2.5846227e-02
   7.0147371e+00   0.0000000e+00   3.7581366e-01   0.0000000e+00  -1.3632598e-02   1.0549833e+00  -2.5977029e-02
   7.0350000e+00   1.4233747e-01   2.8182819e-01   0.0000000e+00  -1.4199943e-02   1.0600391e+00  -2.6106094e-02
   7.0552619e+00  -1.4234467e-01   2.8184244e-01   0.0000000e+00  -1.4327020e-02   1.0676234e+00  -2.6318571e-02
   7.0754680e+00   0.0000000e+00   2.5121855e-01   0.0000000e+00  -1.4009829e-02   1.0726697e+00  -2.6460994e-02
   7.0890081e+00   2.1300969e-01   4.2175919e-01   0.0000000e+00  -1.4135299e-02   1.0776686e+00  -2.6661207e-02
   7.1092510e+00  -1.4247788e-01   2.8210619e-01   0.0000000e+00  -1.3003616e-02   1.0827966e+00  -2.6823212e-02
   7.1294771e+00   0.0000000e+00   2.5097054e-01   0.0000000e+00  -1.3026224e-02   1.0900814e+00  -2.7053653e-02
   7.1457241e+00   1.7751982e-01   3.5148925e-01   0.0000000e+00  -1.2160165e-02   1.0924715e+00  -2.7200792e-02
   7.1660039e+00  -1.4221888e-01   2.8159339e-01   0.0000000e+00  -1.2709640e-02   1.0997505e+00  -2.7449971e-02
   7.1824719e+00   1.7513828e-01   3.4677380e-01   0.0000000e+00  -1.2569637e-02   1.1046722e+00  -2.7487411e-02
   7.2023270e+00   0.0000000e+00   2.5565931e-01   0.0000000e+00  -1.2955863e-02   1.1095153e+00  -2.7637014e-02
   7.2185410e+00  -1.7788139e-01   3.5220515e-01   0.0000000e+00  -1.2553669e-02   1.1143313e+00  -2.7760921e-02
   7.2387189e+00   0.0000000e+00   2.5156915e-01   0.0000000e+00  -1.4585385e-02   1.1217451e+00  -2.8013781e-02
   7.2563220e+00   0.0000000e+00   3.6045854e-01   0.0000000e+00  -1.3280439e-02   1.1264980e+00  -2.7996466e-02
   7.2760040e+00   0.0000000e+00   2.5790721e-01   0.0000000e+00  -1.2792973e-02   1.1314484e+00  -2.8121562e-02
   7.2979780e+00   1.3125373e-01   2.5988239e-01   0.0000000e+00  -1.2981232e-02   1.1388623e+00  -2.8380845e-02
   7.3111930e+00  -2.1825024e-01   4.3213547e-01   0.0000000e+00  -1.2351542e-02   1.1413903e+00  -2.8322241e-02
   7.3340899e+00   0.0000000e+00   2.2169565e-01   0.0000000e+00  -1.2415629e-02   1.1489722e+00  -2.8469707e-02
   7.3544470e+00   1.4167877e-01   2.8052396e-01   0.0000000e+00  -1.2800700e-02   1.1566105e+00  -2.8706576e-02
   7.3681988e+00  -2.0973036e-01   4.1526612e-01   0.0000000e+00  -1.3489090e-02   1.1591916e+00  -2.8781969e-02
   7.3881809e+00   0.0000000e+00   2.5403472e-01   0.0000000e+00  -1.3455427e-02   1.1669288e+00  -2.8886215e-02
   7.4084889e+00   1.4202168e-01   2.8120292e-01   0.0000000e+00  -1.2850373e-02   1.1719554e+00  -2.8992331e-02
   7.4286881e+00  -1.4278666e-01   2.8271758e-01   0.0000000e+00  -1.3134281e-02   1.1771122e+00  -2.9118774e-02
   7.4424860e+00   2.0902994e-01   4.1387928e-01   0.0000000e+00  -1.3443343e-02   1.1822965e+00  -2.9200850e-02
   7.4626700e+00  -1.4289351e-01   2.8292914e-01   0.0000000e+00  -1.4046490e-02   1.1899473e+00  -2.9285392e-02
   7.4828979e+00   0.0000000e+00   3.1368538e-01   0.0000000e+00  -1.4346728e-02   1.1949772e+00  -2.9407298e-02
   7.5033110e+00   0.0000000e+00   2.4866979e-01   0.0000000e+00  -1.2579754e-02   1.1996586e+00  -2.9492078e-02
   7.5170511e+00   0.0000000e+00   4.6180225e-01   0.0000000e+00  -1.2074075e-02   1.2046450e+00  -2.9599449e-02
   7.5369630e+00   0.0000000e+00   2.5492961e-01   0.0000000e+00  -1.1710590e-02   1.2095319e+00  -2.9735008e-02
   7.5572239e+00   0.0000000e+00   2.5053927e-01   0.0000000e+00  -1.2051042e-02   1.2169473e+00  -2.9958694e-02
   7.5713540e+00   0.0000000e+00   4.4905157e-01   0.0000000e+00  -1.2064972e-02   1.2217644e+00  -2.9997251e-02
   7.5919119e+00   0.0000000e+00   2.4692021e-01   0.0000000e+00  -1.2186536e-02   1.2265010e+00  -3.0009520e-02
   7.6106050e+00  -1.5429054e-01   3.0549528e-01   0.0000000e+00  -1.2258308e-02   1.2311660e+00  -3.0083087e-02
   7.6307030e+00   0.0000000e+00   2.5256891e-01   0.0000000e+00  -1.2250119e-02   1.2383458e+00  -3.0291161e-02
   7.6470000e+00   1.7697605e-01   3.5041259e-01   0.0000000e+00  -1.2485168e-02   1.2430671e+00  -3.0444541e-02
   7.6672350e+00   0.0000000e+00   2.5085941e-01   0.0000000e+00  -1.2907429e-02   1.2478149e+00  -3.0573890e-02
   7.6829491e+00   0.0000000e+00   3.2303211e-01   0.0000000e+00  -1.3390225e-02   1.2525626e+00  -3.0529475e-02
   7.7034920e+00  -1.4039697e-01   2.7798601e-01   0.0000000e+00  -1.4533874e-02   1.2573369e+00  -3.0703874e-02
   7.7203079e+00   0.0000000e+00   3.0186613e-01   0.0000000e+00  -1.4163558e-02   1.2620492e+00  -3.0712955e-02
   7.7407741e+00   0.0000000e+00   2.4802592e-01   0.0000000e+00  -1.3570328e-02   1.2695461e+00  -3.0817829e-02
   7.7635161e+00   0.0000000e+00   2.2320546e-01   0.0000000e+00  -1.3693303e-02   1.2770631e+00  -3.1287946e-02
   7.7770091e+00   2.1375331e-01   4.2323155e-01   0.0000000e+00  -1.3433222e-02   1.2796270e+00  -3.1347247e-02
   7.7972861e+00  -1.4223864e-01   2.8163250e-01   0.0000000e+00  -1.3535214e-02   1.2874514e+00  -3.1680372e-02
   7.8175490e+00   1.4233747e-01   2.8182819e-01   0.0000000e+00  -1.3522712e-02   1.2926703e+00  -3.1809935e-02
   7.8377930e+00  -1.4247067e-01   2.8209192e-01   0.0000000e+00  -1.3818733e-02   1.3004684e+00  -3.1989110e-02
   7.8515588e+00   0.0000000e+00   4.6093486e-01   0.0000000e+00  -1.3621622e-02   1.3029004e+00  -3.2041277e-02
   7.8717969e+00   1.4251212e-01   2.8217400e-01   0.0000000e+00  -1.4910675e-02   1.3102661e+00  -3.2541338e-02
   7.8920079e+00   0.0000000e+00   2.5115809e-01   0.0000000e+00  -1.3438577e-02   1.3149625e+00  -3.2566778e-02
   7.9121850e+00  -1.4294246e-01   2.8302606e-01   0.0000000e+00  -1.3752607e-02   1.3196724e+00  -3.2714941e-02
   7.9258140e+00   0.0000000e+00   3.7245351e-01   0.0000000e+00  -1.3479457e-02   1.3242088e+00  -3.2798780e-02
   7.9460190e+00   1.4274505e-01   2.8263519e-01   0.0000000e+00  -1.3599100e-02   1.3311550e+00  -3.2812605e-02
   7.9663050e+00  -1.4217581e-01   2.8150810e-01   0.0000000e+00  -1.3327749e-02   1.3357892e+00  -3.2824819e-02
   7.9888309e+00   0.0000000e+00   2.2534640e-01   0.0000000e+00  -1.3466039e-02   1.3428037e+00  -3.2928458e-02
   7.9990860e+00   2.8124256e-01   5.5686026e-01   0.0000000e+00  -1.3608786e-02   1.3451512e+00  -3.3020632e-02
   8.0195371e+00   0.0000000e+00   2.4820910e-01   0.0000000e+00  -1.4062891e-02   1.3498955e+00  -3.3119808e-02
   8.0364840e+00  -1.7018830e-01   3.3697284e-01   0.0000000e+00  -1.4137777e-02   1.3547001e+00  -3.3227036e-02
   8.0568340e+00   0.0000000e+00   2.4944246e-01   0.0000000e+00  -1.3351424e-02   1.3620918e+00  -3.3320910e-02
   8.0795340e+00   1.2705584e-01   2.5157057e-01   0.0000000e+00  -1.4436477e-02   1.3696194e+00  -3.3551210e-02
   8.0931100e+00  -2.1244735e-01   4.2064576e-01   0.0000000e+00  -1.2713701e-02   1.3720724e+00  -3.3528934e-02
   8.1149780e+00   0.0000000e+00   2.3212615e-01   0.0000000e+00  -1.2876938e-02   1.3796072e+00  -3.3761759e-02
   8.1351930e+00   0.0000000e+00   3.1388400e-01   0.0000000e+00  -1.3191798e-02   1.3846547e+00  -3.3904682e-02
   8.1522721e+00   0.0000000e+00   2.9721472e-01   0.0000000e+00  -1.2861442e-02   1.3895326e+00  -3.4019830e-02
   8.1725539e+00   1.4220452e-01   2.8156496e-01   0.0000000e+00  -1.3622441e-02   1.3968322e+00  -3.4356712e-02
   8.1895720e+00  -1.6947659e-01   3.3556366e-01   0.0000000e+00  -1.3758612e-02   1.4017598e+00  -3.4494432e-02
   8.2098580e+00   1.4217581e-01   2.8150810e-01   0.0000000e+00  -1.1973680e-02   1.4065387e+00  -3.4581463e-02
   8.2233709e+00   0.0000000e+00   3.7564990e-01   0.0000000e+00  -1.3214398e-02   1.4114101e+00  -3.4691600e-02
   8.2436889e+00  -1.4195189e-01   2.8106474e-01   0.0000000e+00  -1.2544238e-02   1.4164141e+00  -3.4809287e-02
   8.2638330e+00   1.4317679e-01   2.8349005e-01   0.0000000e+00  -1.2236738e-02   1.4237987e+00  -3.4974513e-02
   8.2841021e+00  -1.4229433e-01   2.8174277e-01   0.0000000e+00  -1.3488264e-02   1.4287584e+00  -3.5176080e-02
   8.2976360e+00   2.1310639e-01   4.2195065e-01   0.0000000e+00  -1.3523631e-02   1.4338281e+00  -3.5339723e-02
   8.3178948e+00   0.0000000e+00   2.5056460e-01   0.0000000e+00  -1.3740784e-02   1.4388414e+00  -3.5486923e-02
   8.3380720e+00  -1.4294246e-01   2.8302606e-01   0.0000000e+00  -1.3472949e-02   1.4464974e+00  -3.5618952e-02
   8.3584199e+00   1.4174294e-01   2.8065101e-01   0.0000000e+00  -1.2670062e-02   1.4516387e+00  -3.5708037e-02
   8.3720680e+00  -2.1132361e-01   4.1842075e-01   0.0000000e+00  -1.3010406e-02   1.4567318e+00  -3.5757017e-02
   8.3921689e+00   1.4348496e-01   2.8410022e-01   0.0000000e+00  -1.1491337e-02   1.4618318e+00  -3.5917098e-02
   8.4145668e+00   0.0000000e+00   2.2663421e-01   0.0000000e+00  -1.4046146e-02   1.4694519e+00  -3.6114898e-02
   8.4294320e+00   1.9402235e-01   3.8416425e-01   0.0000000e+00  -1.4639995e-02   1.4745552e+00  -3.6227567e-02
   8.4497400e+00  -1.4202168e-01   2.8120292e-01   0.0000000e+00  -1.2783555e-02   1.4793885e+00  -3.6200238e-02
   8.4659268e+00   0.0000000e+00   3.1359608e-01   0.0000000e+00  -1.4721166e-02   1.4843526e+00  -3.6306320e-02
   8.4861050e+00   0.0000000e+00   3.1445744e-01   0.0000000e+00  -1.4598469e-02   1.4892157e+00  -3.6359220e-02
   8.5022709e+00   0.0000000e+00   3.1400330e-01   0.0000000e+00  -1.4196959e-02   1.4940806e+00  -3.6471391e-02
   8.5224849e+00   0.0000000e+00   2.5111992e-01   0.0000000e+00  -1.3890550e-02   1.5014737e+00  -3.6656230e-02
   8.5443801e+00   0.0000000e+00   2.3183846e-01   0.0000000e+00  -1.3695194e-02   1.5064057e+00  -3.6711106e-02
   8.5581350e+00   2.0968352e-01   4.1517337e-01   0.0000000e+00  -1.3473590e-02   1.5115022e+00  -3.6892531e-02
   8.5754449e+00  -1.6661928e-01   3.2990617e-01   0.0000000e+00  -1.3320449e-02   1.5164403e+00  -3.7002399e-02
   8.5959370e+00   0.0000000e+00   2.4771297e-01   0.0000000e+00  -1.3496107e-02   1.5236125e+00  -3.7248496e-02
   8.6127490e+00   1.7155402e-01   3.3967696e-01   0.0000000e+00  -1.3288303e-02   1.5285030e+00  -3.7383274e-02
   8.6332449e+00  -1.4071964e-01   2.7862488e-01   0.0000000e+00  -1.2441642e-02   1.5334061e+00  -3.7504331e-02
   8.6535249e+00   0.0000000e+00   2.5030208e-01   0.0000000e+00  -1.2780676e-02   1.5381512e+00  -3.7594192e-02
   8.6737610e+00   1.4252654e-01   2.8220255e-01   0.0000000e+00  -1.3774587e-02   1.5455212e+00  -3.7742255e-02
   8.6870110e+00   0.0000000e+00   3.8310368e-01   0.0000000e+00  -1.2928722e-02   1.5479798e+00  -3.7836186e-02
   8.7075279e+00  -1.4057566e-01   2.7833980e-01   0.0000000e+00  -1.2481116e-02   1.5553071e+00  -3.7925937e-02
   8.7277590e+00   1.4256081e-01   2.8227040e-01   0.0000000e+00  -1.3035080e-02   1.5601946e+00  -3.7969101e-02
   8.7480470e+00  -1.4216146e-01   2.8147969e-01   0.0000000e+00  -1.2155390e-02   1.5678267e+00  -3.8007449e-02
   8.7616560e+00   0.0000000e+00   3.7300000e-01   0.0000000e+00  -1.2172778e-02   1.5703121e+00  -3.8045409e-02
   8.7819791e+00   1.4191613e-01   2.8099393e-01   0.0000000e+00  -1.2241848e-02   1.5778895e+00  -3.8058521e-02
   8.8020589e+00  -1.4363496e-01   2.8439723e-01   0.0000000e+00  -1.1126294e-02   1.5830975e+00  -3.8257706e-02
   8.8223139e+00   0.0000000e+00   2.5061210e-01   0.0000000e+00  -1.3711678e-02   1.5906337e+00  -3.8255200e-02
   8.8357821e+00   2.1414742e-01   4.2401188e-01   0.0000000e+00  -1.4281476e-02   1.5932034e+00  -3.8376541e-02
   8.8588761e+00  -1.2488827e-01   2.4727877e-01   0.0000000e+00  -1.4051527e-02   1.6009393e+00  -3.8407425e-02
   8.8789711e+00   1.4352700e-01   2.8418346e-01   0.0000000e+00  -1.2443270e-02   1.6061038e+00  -3.8671948e-02
   8.8942840e+00   0.0000000e+00   4.1436823e-01   0.0000000e+00  -1.4877032e-02   1.6112930e+00  -3.8640792e-02
   8.9144450e+00   0.0000000e+00   2.5177998e-01   0.0000000e+00  -1.4801118e-02   1.6190752e+00  -3.8720562e-02
   8.9298580e+00   0.0000000e+00   4.1167722e-01   0.0000000e+00  -1.2775578e-02   1.6241930e+00  -3.8871889e-02
   8.9501250e+00  -1.4230871e-01   2.8177124e-01   0.0000000e+00  -1.5043766e-02   1.6292948e+00  -3.8861262e-02
   8.9679869e+00   1.6147071e-01   3.1971200e-01   0.0000000e+00  -1.4975708e-02   1.6344137e+00  -3.8997871e-02
   8.9886300e+00  -1.3971620e-01   2.7663808e-01   0.0000000e+00  -1.1324829e-02   1.6418747e+00  -3.9196415e-02
   9.0067041e+00   1.5957474e-01   3.1595798e-01   0.0000000e+00  -1.4362993e-02   1.6468761e+00  -3.9278262e-02
   9.0269380e+00  -1.4254097e-01   2.8223112e-01   0.0000000e+00  -1.3768918e-02   1.6517863e+00  -3.9482693e-02
   9.0447720e+00   0.0000000e+00   2.8463310e-01   0.0000000e+00  -1.6110846e-02   1.6565885e+00  -3.9407940e-02
   9.0650129e+00   0.0000000e+00   3.1348304e-01   0.0000000e+00  -1.5719389e-02   1.6637508e+00  -3.9510414e-02
   9.0785540e+00   0.0000000e+00   3.7486871e-01   0.0000000e+00  -1.4070965e-02   1.6659552e+00  -3.9768829e-02
   9.0988500e+00   0.0000000e+00   2.5010633e-01   0.0000000e+00  -1.4983256e-02   1.6731935e+00  -3.9763040e-02
   9.1190630e+00   0.0000000e+00   2.5113264e-01   0.0000000e+00  -1.6778807e-02   1.6780068e+00  -3.9768644e-02
   9.1424250e+00   0.0000000e+00   2.1728156e-01   0.0000000e+00  -1.4142486e-02   1.6848898e+00  -4.0147085e-02
   9.1530539e+00   0.0000000e+00   4.7758087e-01   0.0000000e+00  -1.5415530e-02   1.6872757e+00  -4.0071632e-02
   9.1732861e+00   0.0000000e+00   2.5089432e-01   0.0000000e+00  -1.6045054e-02   1.6944271e+00  -4.0146676e-02
   9.1935531e+00   0.0000000e+00   3.1307915e-01   0.0000000e+00  -1.3728637e-02   1.6989914e+00  -4.0362285e-02
   9.2137121e+00  -1.4307134e-01   2.2032986e-01   0.0000000e+00  -1.2950108e-02   1.7064846e+00  -4.0716854e-02
   9.2272839e+00   2.1251147e-01   4.2077271e-01   0.0000000e+00  -1.4733780e-02   1.7090994e+00  -4.0689218e-02
   9.2475609e+00   0.0000000e+00   2.5034000e-01   0.0000000e+00  -1.5064811e-02   1.7168250e+00  -4.0929079e-02
   9.2678079e+00  -1.4244905e-01   2.8204912e-01   0.0000000e+00  -1.5300795e-02   1.7220212e+00  -4.0998376e-02
   9.2880399e+00   1.4255540e-01   2.8225969e-01   0.0000000e+00  -1.4273071e-02   1.7296254e+00  -4.1411544e-02
   9.3016271e+00   0.0000000e+00   4.6699671e-01   0.0000000e+00  -1.3876961e-02   1.7321562e+00  -4.1449662e-02
   9.3219960e+00   0.0000000e+00   2.4921047e-01   0.0000000e+00  -1.4700107e-02   1.7396297e+00  -4.1712115e-02
   9.3421350e+00   0.0000000e+00   3.1506903e-01   0.0000000e+00  -1.4207345e-02   1.7444711e+00  -4.1913264e-02
   9.3600429e+00   0.0000000e+00   2.8345718e-01   0.0000000e+00  -1.4568647e-02   1.7494196e+00  -4.1974441e-02
   9.3802411e+00  -1.4279390e-01   2.8273191e-01   0.0000000e+00  -1.3767782e-02   1.7563402e+00  -4.2283500e-02
   9.3954680e+00   1.8941317e-01   3.7503808e-01   0.0000000e+00  -1.3882412e-02   1.7587803e+00  -4.2216428e-02
   9.4156909e+00   0.0000000e+00   2.5100866e-01   0.0000000e+00  -1.4115164e-02   1.7660483e+00  -4.2261844e-02
   9.4327170e+00  -1.6939760e-01   3.3540725e-01   0.0000000e+00  -1.4095882e-02   1.7707947e+00  -4.2306736e-02
   9.4530529e+00   1.4182680e-01   2.8081707e-01   0.0000000e+00  -1.3558190e-02   1.7755547e+00  -4.2396188e-02
   9.4700600e+00   0.0000000e+00   2.9847187e-01   0.0000000e+00  -1.3222497e-02   1.7803670e+00  -4.2494029e-02
   9.4902881e+00  -1.4258246e-01   2.8231327e-01   0.0000000e+00  -1.4215998e-02   1.7879828e+00  -4.2641830e-02
   9.5105231e+00   1.4253375e-01   2.8221683e-01   0.0000000e+00  -1.3566933e-02   1.7926725e+00  -4.2829395e-02
   9.5238000e+00  -2.1723185e-01   4.3011907e-01   0.0000000e+00  -1.4022956e-02   1.7978408e+00  -4.2863856e-02
   9.5442890e+00   1.4076711e-01   2.7871888e-01   0.0000000e+00  -1.3338114e-02   1.8029495e+00  -4.3147134e-02
   9.5645188e+00   0.0000000e+00   2.5092290e-01   0.0000000e+00  -1.2658201e-02   1.8103688e+00  -4.3182336e-02
   9.5847748e+00  -1.4238604e-01   2.8192436e-01   0.0000000e+00  -1.2470271e-02   1.8153352e+00  -4.3319022e-02
   9.5980531e+00   2.1721091e-01   4.3007761e-01   0.0000000e+00  -1.2608231e-02   1.8201967e+00  -4.3509119e-02
   9.6185971e+00   0.0000000e+00   2.4708636e-01   0.0000000e+00  -1.3040176e-02   1.8249776e+00  -4.3626149e-02
   9.6388001e+00   0.0000000e+00   3.1407094e-01   0.0000000e+00  -1.1906852e-02   1.8322401e+00  -4.3987437e-02
   9.6590468e+00   0.0000000e+00   2.5071350e-01   0.0000000e+00  -1.2560021e-02   1.8370826e+00  -4.4031700e-02
   9.6723499e+00   0.0000000e+00   3.8157760e-01   0.0000000e+00  -1.1702398e-02   1.8417776e+00  -4.4200760e-02
   9.6928419e+00   0.0000000e+00   3.0964121e-01   0.0000000e+00  -1.2521079e-02   1.8466847e+00  -4.4304314e-02
   9.7096949e+00   0.0000000e+00   3.0120124e-01   0.0000000e+00  -1.0990353e-02   1.8516540e+00  -4.4593771e-02
   9.7300889e+00   0.0000000e+00   2.4890390e-01   0.0000000e+00  -1.1728133e-02   1.8587670e+00  -4.4710167e-02
   9.7491199e+00  -1.5155092e-01   3.0007083e-01   0.0000000e+00  -1.0493629e-02   1.8638435e+00  -4.4892024e-02
   9.7690700e+00   1.4456943e-01   2.8624747e-01   0.0000000e+00  -1.1762324e-02   1.8686562e+00  -4.5073108e-02
   9.7892758e+00   0.0000000e+00   2.5122173e-01   0.0000000e+00  -1.1193403e-02   1.8760507e+00  -4.5154040e-02
   9.8038340e+00   0.0000000e+00   4.3584881e-01   0.0000000e+00  -1.2640671e-02   1.8788118e+00  -4.5321168e-02
   9.8239249e+00   0.0000000e+00   2.5265902e-01   0.0000000e+00  -1.2093697e-02   1.8864364e+00  -4.5473174e-02
   9.8418559e+00   0.0000000e+00   3.5386620e-01   0.0000000e+00  -1.0946508e-02   1.8912370e+00  -4.5499668e-02
   9.8620410e+00   0.0000000e+00   2.5147981e-01   0.0000000e+00  -1.1149107e-02   1.8965149e+00  -4.5688558e-02
   9.8782141e+00   0.0000000e+00   3.1386413e-01   0.0000000e+00  -1.2192966e-02   1.9018506e+00  -4.5847624e-02
   9.8985489e+00   0.0000000e+00   3.1203467e-01   0.0000000e+00  -1.1646159e-02   1.9091726e+00  -4.5950492e-02
   9.9185379e+00   0.0000000e+00   2.5394688e-01   0.0000000e+00  -1.1186147e-02   1.9143444e+00  -4.6083744e-02
   9.9387440e+00   0.0000000e+00   2.5121855e-01   0.0000000e+00  -1.0969000e-02   1.9217285e+00  -4.6338287e-02
   9.9526059e+00   0.0000000e+00   4.5774267e-01   0.0000000e+00  -1.0638044e-02   1.9241361e+00  -4.6349473e-02
   9.9728030e+00   0.0000000e+00   2.5133000e-01   0.0000000e+00  -1.1719629e-02   1.9313601e+00  -4.6547554e-02
   9.9950919e+00   0.0000000e+00   2.2774309e-01   0.0000000e+00  -1.0113454e-02   1.9364933e+00  -4.6698344e-02
   1.0013225e+01   0.0000000e+00   3.4992447e-01   0.0000000e+00  -9.7736545e-03   1.9438941e+00  -4.6840451e-02
   1.0026770e+01   0.0000000e+00   3.7476243e-01   0.0000000e+00  -1.0458341e-02   1.9460663e+00  -4.6784600e-02
   1.0047029e+01   0.0000000e+00   2.5056143e-01   0.0000000e+00  -1.1711942e-02   1.9535865e+00  -4.7146487e-02
   1.0067314e+01   1.4218299e-01   2.8152232e-01   0.0000000e+00  -1.0397545e-02   1.9585371e+00  -4.7350277e-02
   1.0087493e+01  -1.4292795e-01   2.8299734e-01   0.0000000e+00  -1.0644626e-02   1.9633861e+00  -4.7413896e-02
   1.0101066e+01   0.0000000e+00   3.7399197e-01   0.0000000e+00  -1.0006278e-02   1.9681790e+00  -4.7578175e-02
   1.0122571e+01   1.3411618e-01   2.6555004e-01   0.0000000e+00  -1.0207144e-02   1.9754185e+00  -4.7756722e-02
   1.0143290e+01  -1.3920349e-01   2.7562292e-01   0.0000000e+00  -1.0332964e-02   1.9803649e+00  -4.7901656e-02
   1.0157023e+01   2.1001968e-01   4.1583896e-01   0.0000000e+00  -1.0479002e-02   1.9852757e+00  -4.7872612e-02
   1.0176469e+01  -1.4831684e-01   2.9366735e-01   0.0000000e+00  -9.0269148e-03   1.9899207e+00  -4.8150816e-02
   1.0196723e+01   0.0000000e+00   2.5062477e-01   0.0000000e+00  -9.5623706e-03   1.9973901e+00  -4.8228775e-02
   1.0212734e+01   1.8013680e-01   3.5667085e-01   0.0000000e+00  -1.0536311e-02   2.0023514e+00  -4.8446217e-02
   1.0232921e+01  -1.4287176e-01   2.8288609e-01   0.0000000e+00  -9.9876482e-03   2.0073693e+00  -4.8510956e-02
   1.0252468e+01   0.0000000e+00   2.5969066e-01   0.0000000e+00  -1.0120280e-02   2.0123296e+00  -4.8463574e-02
   1.0272710e+01   1.4248328e-01   2.8211690e-01   0.0000000e+00  -1.0736608e-02   2.0198885e+00  -4.8724406e-02
   1.0290482e+01  -1.6228945e-01   3.2133310e-01   0.0000000e+00  -1.2079301e-02   2.0250707e+00  -4.8712365e-02
   1.0310920e+01   0.0000000e+00   2.4836766e-01   0.0000000e+00  -1.1542722e-02   2.0301202e+00  -4.8819803e-02
   1.0326828e+01   1.8130213e-01   3.5897821e-01   0.0000000e+00  -7.9738260e-03   2.0351240e+00  -4.8692894e-02
   1.0347050e+01  -1.4262578e-01   2.8239904e-01   0.0000000e+00  -9.0905523e-03   2.0425734e+00  -4.9041692e-02
   1.0360605e+01   2.1277636e-01   4.2129720e-01   0.0000000e+00  -8.9436008e-03   2.0452672e+00  -4.9042836e-02
   1.0381015e+01  -1.4131092e-01   2.7979562e-01   0.0000000e+00  -1.0340277e-02   2.0529791e+00  -4.9249113e-02
   1.0401369e+01   0.0000000e+00   3.1174033e-01   0.0000000e+00  -9.2339809e-03   2.0577935e+00  -4.9085376e-02
   1.0421603e+01   0.0000000e+00   2.5087210e-01   0.0000000e+00  -1.1826860e-02   2.0654546e+00  -4.9692712e-02
   1.0434787e+01   2.1876302e-01   4.3315078e-01   0.0000000e+00  -1.2125911e-02   2.0679105e+00  -4.9674062e-02
   1.0455486e+01  -1.3933950e-01   2.7589222e-01   0.0000000e+00  -1.4262132e-02   2.0753475e+00  -5.0004109e-02
   1.0475521e+01   1.4395614e-01   2.8503316e-01   0.0000000e+00  -9.1329531e-03   2.0797847e+00  -4.9793259e-02
   1.0495933e+01  -1.4129851e-01   2.7977105e-01   0.0000000e+00  -9.3243060e-03   2.0871589e+00  -4.9881587e-02
   1.0509115e+01   0.0000000e+00   3.8507526e-01   0.0000000e+00  -8.4281393e-03   2.0895301e+00  -4.9847263e-02
   1.0529633e+01   0.0000000e+00   3.0925101e-01   0.0000000e+00  -9.4823667e-03   2.0968480e+00  -5.0026989e-02
   1.0550476e+01   0.0000000e+00   2.4354173e-01   0.0000000e+00  -9.3523853e-03   2.1016442e+00  -5.0212001e-02
   1.0566053e+01   0.0000000e+00   3.2587234e-01   0.0000000e+00  -9.7295414e-03   2.1064918e+00  -5.0283151e-02
   1.0586390e+01   0.0000000e+00   2.4960260e-01   0.0000000e+00  -9.7919534e-03   2.1112332e+00  -5.0432656e-02
   1.0602061e+01   0.0000000e+00   3.2391865e-01   0.0000000e+00  -9.5869992e-03   2.1159024e+00  -5.0498904e-02
   1.0622593e+01  -1.4047225e-01   2.7813505e-01   0.0000000e+00  -9.9012087e-03   2.1229827e+00  -5.0696059e-02
   1.0639335e+01   0.0000000e+00   3.0320010e-01   0.0000000e+00  -9.0385527e-03   2.1276787e+00  -5.0723300e-02
   1.0659921e+01   1.4010192e-01   2.7740179e-01   0.0000000e+00  -1.0049579e-02   2.1325517e+00  -5.0874502e-02
   1.0676346e+01   0.0000000e+00   3.0905050e-01   0.0000000e+00  -9.6591708e-03   2.1373409e+00  -5.0956094e-02
   1.0696898e+01   0.0000000e+00   2.4699095e-01   0.0000000e+00  -1.0322205e-02   2.1447422e+00  -5.1302706e-02
   1.0714723e+01  -1.6180464e-01   3.2037320e-01   0.0000000e+00  -9.7946995e-03   2.1497540e+00  -5.1387997e-02
   1.0735040e+01   0.0000000e+00   2.4984792e-01   0.0000000e+00  -1.0056218e-02   2.1548607e+00  -5.1809134e-02
   1.0755298e+01   0.0000000e+00   3.1321762e-01   0.0000000e+00  -1.4930492e-02   2.1629110e+00  -5.2335842e-02
   1.0775462e+01   1.4303501e-01   2.8320932e-01   0.0000000e+00  -9.1940018e-03   2.1671793e+00  -5.2069729e-02
   1.0789020e+01  -2.1273217e-01   4.2120969e-01   0.0000000e+00  -8.9385853e-03   2.1719277e+00  -5.2186015e-02
   1.0809353e+01   0.0000000e+00   2.4964974e-01   0.0000000e+00  -1.0486445e-02   2.1767561e+00  -5.2494350e-02
   1.0829552e+01   0.0000000e+00   2.5130452e-01   0.0000000e+00  -1.7596066e-02   2.1848651e+00  -5.3091650e-02
   1.0849784e+01   0.0000000e+00   3.1362187e-01   0.0000000e+00  -1.0912416e-02   2.1885251e+00  -5.2716469e-02
   1.0863530e+01   0.0000000e+00   3.6928355e-01   0.0000000e+00  -1.7511480e-02   2.1941574e+00  -5.3179459e-02
   1.0883831e+01   0.0000000e+00   2.5004326e-01   0.0000000e+00  -1.8711075e-02   2.1990036e+00  -5.3280990e-02
   1.0904100e+01   1.4229433e-01   2.8174277e-01   0.0000000e+00  -1.2169992e-02   2.2029189e+00  -5.2761210e-02
   1.0924315e+01   0.0000000e+00   2.5110720e-01   0.0000000e+00  -2.1303695e-02   2.2113339e+00  -5.3143856e-02
   1.0937798e+01  -2.1391159e-01   4.2354495e-01   0.0000000e+00  -1.8005604e-02   2.2155558e+00  -5.3451193e-02
   1.0958075e+01   1.4223864e-01   2.8163250e-01   0.0000000e+00  -1.4454503e-02   2.2200413e+00  -5.3461283e-02
   1.0978235e+01   0.0000000e+00   2.5179276e-01   0.0000000e+00  -1.0069573e-02   2.2242727e+00  -5.3350498e-02
   1.0998550e+01  -1.4197335e-01   2.8110724e-01   0.0000000e+00  -8.8460962e-03   2.2315500e+00  -5.3423366e-02
   1.1011023e+01   2.3123157e-01   4.5783850e-01   0.0000000e+00  -8.9434709e-03   2.2342222e+00  -5.3652937e-02
   1.1031576e+01  -1.4032877e-01   2.7785097e-01   0.0000000e+00  -8.3778276e-03   2.2415377e+00  -5.3827517e-02
   1.1054356e+01   1.2661035e-01   2.5068850e-01   0.0000000e+00  -1.0486107e-02   2.2492532e+00  -5.4101604e-02
   1.1067999e+01   0.0000000e+00   3.7206913e-01   0.0000000e+00  -8.9610110e-03   2.2515837e+00  -5.4195676e-02
   1.1086755e+01   0.0000000e+00   3.3829949e-01   0.0000000e+00  -8.8882831e-03   2.2563834e+00  -5.4192139e-02
   1.1106730e+01   0.0000000e+00   2.5412588e-01   0.0000000e+00  -7.8950009e-03   2.2636202e+00  -5.4325625e-02
   1.1124649e+01  -1.6095628e-01   3.1869343e-01   0.0000000e+00  -8.1433444e-03   2.2687132e+00  -5.4680084e-02
   1.1145033e+01   1.4149194e-01   2.8015404e-01   0.0000000e+00  -8.5918562e-03   2.2736175e+00  -5.4857962e-02
   1.1160600e+01   0.0000000e+00   3.2608134e-01   0.0000000e+00  -8.3400691e-03   2.2784769e+00  -5.4970185e-02
   1.1180449e+01  -1.4530593e-01   2.8770575e-01   0.0000000e+00  -8.0927921e-03   2.2858123e+00  -5.4975849e-02
   1.1200949e+01   1.4069152e-01   2.7856921e-01   0.0000000e+00  -7.5762556e-03   2.2906525e+00  -5.5211082e-02
   1.1221028e+01  -1.4364046e-01   2.8440810e-01   0.0000000e+00  -7.2212649e-03   2.2982182e+00  -5.5645962e-02
   1.1234252e+01   2.1810236e-01   4.3184268e-01   0.0000000e+00  -7.6597111e-03   2.3007078e+00  -5.5712623e-02
   1.1254956e+01   0.0000000e+00   2.4517688e-01   0.0000000e+00  -8.8753545e-03   2.3083760e+00  -5.5967006e-02
   1.1274999e+01  -1.4389914e-01   2.8492030e-01   0.0000000e+00  -7.6588359e-03   2.3132073e+00  -5.5771140e-02
   1.1295380e+01   1.4151327e-01   2.8019626e-01   0.0000000e+00  -7.3814838e-03   2.3181176e+00  -5.5976961e-02
   1.1308560e+01   0.0000000e+00   3.8513509e-01   0.0000000e+00  -7.1160802e-03   2.3233037e+00  -5.6242035e-02
   1.1329053e+01   0.0000000e+00   3.0962961e-01   0.0000000e+00  -7.6255327e-03   2.3283482e+00  -5.6433701e-02
   1.1349322e+01   0.0000000e+00   2.5043801e-01   0.0000000e+00  -1.1237409e-02   2.3363090e+00  -5.6618680e-02
   1.1369526e+01   0.0000000e+00   2.5124402e-01   0.0000000e+00  -1.0481784e-02   2.3412164e+00  -5.6723846e-02
   1.1382767e+01  -2.1781984e-01   4.3128328e-01   0.0000000e+00  -1.0707545e-02   2.3463518e+00  -5.6848911e-02
   1.1406859e+01   1.1971539e-01   2.3703647e-01   0.0000000e+00  -9.8729960e-03   2.3535442e+00  -5.7002189e-02
   1.1420120e+01   0.0000000e+00   3.8278566e-01   0.0000000e+00  -1.0104507e-02   2.3560683e+00  -5.7037301e-02
   1.1440563e+01  -1.4108441e-01   2.7934713e-01   0.0000000e+00  -1.0924372e-02   2.3636153e+00  -5.7324574e-02
   1.1463353e+01   1.2655346e-01   2.5057586e-01   0.0000000e+00  -1.0911403e-02   2.3711809e+00  -5.7632037e-02
   1.1477074e+01   0.0000000e+00   3.6995877e-01   0.0000000e+00  -1.1729440e-02   2.3737104e+00  -5.7647688e-02
   1.1494498e+01   0.0000000e+00   2.9132833e-01   0.0000000e+00  -1.2154233e-02   2.3783631e+00  -5.8165940e-02
   1.1514938e+01  -1.4110385e-01   2.7938562e-01   0.0000000e+00  -1.1646741e-02   2.3858979e+00  -5.8157208e-02
   1.1535176e+01   1.4251392e-01   2.8217757e-01   0.0000000e+00  -1.1177110e-02   2.3906744e+00  -5.8330675e-02
   1.1555483e+01   0.0000000e+00   2.4996760e-01   0.0000000e+00  -1.2605464e-02   2.3979339e+00  -5.7695943e-02
   1.1568981e+01   2.1367628e-01   4.2307904e-01   0.0000000e+00  -1.2083219e-02   2.4004034e+00  -5.7881112e-02
   1.1589438e+01  -1.4098731e-01   2.7915486e-01   0.0000000e+00  -1.1465181e-02   2.4075687e+00  -5.8704948e-02
   1.1609682e+01   0.0000000e+00   2.5074838e-01   0.0000000e+00  -1.1103231e-02   2.4126071e+00  -5.8721247e-02
   1.1629950e+01   0.0000000e+00   3.1306333e-01   0.0000000e+00  -9.3138977e-03   2.4200167e+00  -5.8264129e-02
   1.1643222e+01   0.0000000e+00   3.8246818e-01   0.0000000e+00  -1.2866011e-02   2.4228955e+00  -5.8126041e-02
   1.1663728e+01   0.0000000e+00   3.0942861e-01   0.0000000e+00  -1.0917155e-02   2.4301860e+00  -5.8278796e-02
   1.1683963e+01   0.0000000e+00   2.5085941e-01   0.0000000e+00  -1.1476824e-02   2.4353303e+00  -5.9142553e-02
   1.1704246e+01   1.4219734e-01   2.8155074e-01   0.0000000e+00  -1.1388759e-02   2.4430759e+00  -5.8434176e-02
   1.1717519e+01  -2.1729470e-01   4.3024350e-01   0.0000000e+00  -1.6214404e-02   2.4457572e+00  -6.0248931e-02
   1.1737924e+01   0.0000000e+00   2.4876962e-01   0.0000000e+00  -1.3257645e-02   2.4532189e+00  -5.8680664e-02
   1.1758255e+01  -1.4186073e-01   2.8088425e-01   0.0000000e+00  -1.6194047e-02   2.4584449e+00  -6.0056805e-02
   1.1778435e+01   1.4292251e-01   2.8298657e-01   0.0000000e+00  -1.3958971e-02   2.4635568e+00  -6.0248882e-02
   1.1791790e+01   0.0000000e+00   3.8009278e-01   0.0000000e+00  -1.0950650e-02   2.4683316e+00  -5.9847865e-02
   1.1812234e+01   0.0000000e+00   3.1037016e-01   0.0000000e+00  -1.9695966e-02   2.4736376e+00  -6.0536529e-02
   1.1832505e+01   0.0000000e+00   2.5041271e-01   0.0000000e+00  -1.7401411e-02   2.4817433e+00  -5.9781652e-02
   1.1852757e+01   0.0000000e+00   3.1331265e-01   0.0000000e+00  -1.5163275e-02   2.4866297e+00  -5.9760152e-02
   1.1866329e+01   0.0000000e+00   3.7401313e-01   0.0000000e+00  -1.8199712e-02   2.4913347e+00  -6.0733227e-02
   1.1886765e+01   0.0000000e+00   3.1049068e-01   0.0000000e+00  -1.3527298e-02   2.4963536e+00  -5.9753242e-02
   1.1909656e+01  -1.2599583e-01   2.4947175e-01   0.0000000e+00  -1.3495999e-02   2.5039444e+00  -6.0546225e-02
   1.1923039e+01   2.1551152e-01   4.2671280e-01   0.0000000e+00  -1.1190711e-02   2.5083765e+00  -5.9855880e-02
   1.1941684e+01   0.0000000e+00   2.7225231e-01   0.0000000e+00  -1.8820126e-02   2.5141904e+00  -6.0535759e-02
   1.1962000e+01   0.0000000e+00   2.4985736e-01   0.0000000e+00  -1.3729172e-02   2.5185636e+00  -6.0867356e-02
   1.1977733e+01   0.0000000e+00   4.0330394e-01   0.0000000e+00  -1.4917860e-02   2.5229567e+00  -5.9865789e-02
   1.1998263e+01   0.0000000e+00   2.4725582e-01   0.0000000e+00  -1.3599515e-02   2.5301884e+00  -6.0205523e-02
   1.2016812e+01   0.0000000e+00   2.7366135e-01   0.0000000e+00  -1.3941351e-02   2.5350055e+00  -6.0074152e-02
   1.2037125e+01  -1.4198588e-01   2.8113204e-01   0.0000000e+00  -1.4007762e-02   2.5399002e+00  -6.1123282e-02
   1.2057413e+01   0.0000000e+00   2.5020417e-01   0.0000000e+00  -9.9781313e-03   2.5463930e+00  -6.1032751e-02
   1.2070930e+01   0.0000000e+00   3.7554319e-01   0.0000000e+00  -1.4476856e-02   2.5517001e+00  -6.1286563e-02
   1.2091344e+01   0.0000000e+00   2.4865731e-01   0.0000000e+00  -1.2004880e-02   2.5560469e+00  -6.1517871e-02
   1.2111624e+01   1.4221888e-01   2.8159339e-01   0.0000000e+00  -1.1041489e-02   2.5610327e+00  -6.1660243e-02
   1.2131962e+01  -1.4181073e-01   2.8078525e-01   0.0000000e+00  -1.0591182e-02   2.5683542e+00  -6.1727818e-02
   1.2145207e+01   0.0000000e+00   3.8325177e-01   0.0000000e+00  -9.9827577e-03   2.5708820e+00  -6.1846108e-02
   1.2165700e+01   1.4073897e-01   2.7866317e-01   0.0000000e+00  -1.0764761e-02   2.5785959e+00  -6.2039530e-02
   1.2185881e+01   0.0000000e+00   2.5153085e-01   0.0000000e+00  -1.0057285e-02   2.5838859e+00  -6.2333951e-02
   1.2206211e+01   0.0000000e+00   3.1210933e-01   0.0000000e+00  -1.0130323e-02   2.5912586e+00  -6.2630677e-02
   1.2219441e+01   0.0000000e+00   3.8368189e-01   0.0000000e+00  -1.0736005e-02   2.5937585e+00  -6.2696949e-02
   1.2239925e+01   0.0000000e+00   3.0976505e-01   0.0000000e+00  -1.0251532e-02   2.6013587e+00  -6.2960269e-02
   1.2258594e+01   0.0000000e+00   2.7190138e-01   0.0000000e+00  -1.0929880e-02   2.6062506e+00  -6.3141083e-02
   1.2278853e+01   0.0000000e+00   3.1320179e-01   0.0000000e+00  -1.2085464e-02   2.6111333e+00  -6.3184216e-02
   1.2295834e+01   0.0000000e+00   2.9893084e-01   0.0000000e+00  -1.2724924e-02   2.6182739e+00  -6.3432857e-02
   1.2315845e+01  -1.4412925e-01   2.8537592e-01   0.0000000e+00  -1.3098182e-02   2.6230489e+00  -6.3433284e-02
   1.2337126e+01   0.0000000e+00   2.3852904e-01   0.0000000e+00  -1.2017309e-02   2.6278823e+00  -6.3401718e-02
   1.2350596e+01   0.0000000e+00   3.7684931e-01   0.0000000e+00  -1.2264144e-02   2.6324884e+00  -6.3391367e-02
   1.2370711e+01   0.0000000e+00   1.8926757e-01   0.0000000e+00  -1.4709304e-02   2.6362717e+00  -6.3237647e-02
   1.2390843e+01   0.0000000e+00   1.8910632e-01   0.0000000e+00  -1.4412657e-02   2.6411901e+00  -6.3517838e-02
   1.2411077e+01   0.0000000e+00   1.2543605e-01   0.0000000e+00  -1.5169124e-02   2.6434019e+00  -6.3663280e-02
   1.2424382e+01   0.0000000e+00   1.9076311e-01   0.0000000e+00  -1.6578625e-02   2.6449386e+00  -6.3525236e-02
   1.2444468e+01  -1.4359103e-01   9.4770078e-02   0.0000000e+00  -1.6644915e-02   2.6458360e+00  -6.3439935e-02
   1.2464574e+01   0.0000000e+00   6.3117305e-02   0.0000000e+00  -1.6507240e-02   2.6458978e+00  -6.3368652e-02
   1.2484694e+01   1.4334804e-01   3.1536568e-02   0.0000000e+00  -1.6662644e-02   2.6456982e+00  -6.3383493e-02
   1.2498128e+01   0.0000000e+00   0.0000000e+00   0.0000000e+00  -1.6747934e-02   2.6452704e+00  -6.3385096e-02
   1.2518205e+01   0.0000000e+00   0.0000000e+00   0.0000000e+00  -1.6726274e-02   2.6446327e+00  -6.3367650e-02
   1.2538347e+01   0.0000000e+00   0.0000000e+00   0.0000000e+00  -1.5607607e-02   2.6438732e+00  -6.3479101e-02
   1.2558328e+01   0.0000000e+00   0.0000000e+00   0.0000000e+00  -1.5823168e-02   2.6434644e+00  -6.3472151e-02
   1.2571709e+01   0.0000000e+00   0.0000000e+00   0.0000000e+00  -1.6018064e-02   2.6431821e+00  -6.3423612e-02
   1.2591684e+01  -1.4438786e-01  -3.1765328e-02   0.0000000e+00  -1.5722480e-02   2.6429841e+00  -6.3407122e-02
   1.2611831e+01   0.0000000e+00   0.0000000e+00   0.0000000e+00  -1.5331160e-02   2.6429030e+00  -6.3420024e-02
   1.2631776e+01   1.4460654e-01  -3.1813439e-02   0.0000000e+00  -1.5328570e-02   2.6429477e+00  -6.3452349e-02
   1.2645356e+01   0.0000000e+00   0.0000000e+00   0.0000000e+00  -1.5321871e-02   2.6429744e+00  -6.3452161e-02
   1.2665368e+01   0.0000000e+00   0.0000000e+00   0.0000000e+00  -1.5385366e-02   2.6430965e+00  -6.3440046e-02
   1.2685402e+01   0.0000000e+00   0.0000000e+00   0.0000000e+00  -1.5432738e-02   2.6431668e+00  -6.3443461e-02
   1.2705301e+01   0.0000000e+00   0.0000000e+00   0.0000000e+00  -1.5395921e-02   2.6432259e+00  -6.3429088e-02
   1.2718779e+01   0.0000000e+00   0.0000000e+00   0.0000000e+00  -1.5455993e-02   2.6432264e+00  -6.3421671e-02
   1.2738762e+01   0.0000000e+00   0.0000000e+00   0.0000000e+00  -1.5443741e-02   2.6431647e+00  -6.3423822e-02
   1.2758774e+01   0.0000000e+00   0.0000000e+00   0.0000000e+00  -1.5313061e-02   2.6431295e+00  -6.3441745e-02
   1.2778782e+01   0.0000000e+00   0.0000000e+00   0.0000000e+00  -1.5356040e-02   2.6431061e+00  -6.3458407e-02
   1.2792596e+01   0.0000000e+00   0.0000000e+00   0.0000000e+00  -1.5415221e-02   2.6430956e+00  -6.3431889e-02
   1.2812182e+01   0.0000000e+00   0.0000000e+00   0.0000000e+00  -1.5428955e-02   2.6430835e+00  -6.3426706e-02
   1.2832091e+01   0.0000000e+00   0.0000000e+00   0.0000000e+00  -1.5301662e-02   2.6431119e+00  -6.3423198e-02
   1.2852174e+01   0.0000000e+00   0.0000000e+00   0.0000000e+00  -1.5375133e-02   2.6431306e+00  -6.3432773e-02
   1.2865548e+01   0.0000000e+00   0.0000000e+00   0.0000000e+00  -1.5361487e-02   2.6431366e+00  -6.3430503e-02
   1.2885421e+01   0.0000000e+00   0.0000000e+00   0.0000000e+00  -1.5277538e-02   2.6431392e+00  -6.3436008e-02
   1.2905537e+01   0.0000000e+00   0.0000000e+00   0.0000000e+00  -1.5387137e-02   2.6431117e+00  -6.3432039e-02
   1.2925425e+01   0.0000000e+00   0.0000000e+00   0.0000000e+00  -1.5323749e-02   2.6430946e+00  -6.3425343e-02
   1.2938769e+01   0.0000000e+00   0.0000000e+00   0.0000000e+00  -1.5322807e-02   2.6430914e+00  -6.3410625e-02
   1.2958785e+01   0.0000000e+00   0.0000000e+00   0.0000000e+00  -1.5317360e-02   2.6430866e+00  -6.3424755e-02
   1.2978678e+01   0.0000000e+00   0.0000000e+00   0.0000000e+00  -1.5358598e-02   2.6431008e+00  -6.3433222e-02
   1.2998778e+01   0.0000000e+00   0.0000000e+00   0.0000000e+00  -1.5283336e-02   2.6431091e+00  -6.3433653e-02
   1.3012108e+01   0.0000000e+00   0.0000000e+00   0.0000000e+00  -1.5372965e-02   2.6431055e+00  -6.3434177e-02
   1.3032062e+01   0.0000000e+00   0.0000000e+00   0.0000000e+00  -1.5352542e-02   2.6430988e+00  -6.3415936e-02
   1.3052081e+01   0.0000000e+00   0.0000000e+00   0.0000000e+00  -1.5396420e-02   2.6430914e+00  -6.3423739e-02
   1.3072101e+01   0.0000000e+00   0.0000000e+00   0.0000000e+00  -1.5395423e-02   2.6430763e+00  -6.3429454e-02
   1.3085567e+01   0.0000000e+00   0.0000000e+00   0.0000000e+00  -1.5343919e-02   2.6430834e+00  -6.3428097e-02
   1.3105601e+01   0.0000000e+00   0.0000000e+00   0.0000000e+00  -1.5315529e-02   2.6430722e+00  -6.3439191e-02
   1.3125554e+01   0.0000000e+00   0.0000000e+00   0.0000000e+00  -1.5190218e-02   2.6430738e+00  -6.3422548e-02
   1.3145357e+01   0.0000000e+00   0.0000000e+00   0.0000000e+00  -1.5326448e-02   2.6430936e+00  -6.3424890e-02
   1.3158905e+01   0.0000000e+00   0.0000000e+00   0.0000000e+00  -1.5257592e-02   2.6430824e+00  -6.3426115e-02
   1.3178910e+01   0.0000000e+00   0.0000000e+00   0.0000000e+00  -1.5389432e-02   2.6430821e+00  -6.3427172e-02
   1.3198837e+01   0.0000000e+00   0.0000000e+00   0.0000000e+00  -1.5387781e-02   2.6430738e+00  -6.3439947e-02
   1.3218969e+01   0.0000000e+00   0.0000000e+00   0.0000000e+00  -1.5426111e-02   2.6430723e+00  -6.3425148e-02
   1.3232193e+01   0.0000000e+00   0.0000000e+00   0.0000000e+00  -1.5356933e-02   2.6430750e+00  -6.3432323e-02
   1.3252280e+01   0.0000000e+00   0.0000000e+00   0.0000000e+00  -1.5246020e-02   2.6430801e+00  -6.3424250e-02
   1.3272214e+01   0.0000000e+00   0.0000000e+00   0.0000000e+00  -1.5307595e-02   2.6430721e+00  -6.3426414e-02
   1.3292208e+01   0.0000000e+00   0.0000000e+00   0.0000000e+00  -1.5247934e-02   2.6430862e+00  -6.3421224e-02
   1.3305592e+01   0.0000000e+00   0.0000000e+00   0.0000000e+00  -1.5357641e-02   2.6430703e+00  -6.3424347e-02
   1.3325582e+01   0.0000000e+00   0.0000000e+00   0.0000000e+00  -1.5363380e-02   2.6430656e+00  -6.3441504e-02
   1.3345584e+01   0.0000000e+00   0.0000000e+00   0.0000000e+00  -1.5345198e-02   2.6430740e+00  -6.3420743e-02
   1.3365520e+01   0.0000000e+00   0.0000000e+00   0.0000000e+00  -1.5224560e-02   2.6430595e+00  -6.3413850e-02
   1.3378865e+01   0.0000000e+00   0.0000000e+00   0.0000000e+00  -1.5323617e-02   2.6430627e+00  -6.3425076e-02
   1.3398880e+01   0.0000000e+00   0.0000000e+00   0.0000000e+00  -1.5360470e-02   2.6430622e+00  -6.3433765e-02
   1.3418854e+01   0.0000000e+00   0.0000000e+00   0.0000000e+00  -1.5347630e-02   2.6430754e+00  -6.3426169e-02
   1.3438825e+01   0.0000000e+00   0.0000000e+00   0.0000000e+00  -1.5283688e-02   2.6430689e+00  -6.3421023e-02
   1.3452500e+01   0.0000000e+00   0.0000000e+00   0.0000000e+00  -1.5267587e-02   2.6430752e+00  -6.3420591e-02
   1.3472213e+01   0.0000000e+00   0.0000000e+00   0.0000000e+00  -1.5327250e-02   2.6430528e+00  -6.3425172e-02
   1.3492151e+01   0.0000000e+00   0.0000000e+00   0.0000000e+00  -1.5301853e-02   2.6430648e+00  -6.3425391e-02
   1.3512159e+01   0.0000000e+00   0.0000000e+00   0.0000000e+00  -1.5337484e-02   2.6430610e+00  -6.3423061e-02
   1.3525707e+01   0.0000000e+00   0.0000000e+00   0.0000000e+00  -1.5304503e-02   2.6430601e+00  -6.3422258e-02
   1.3545692e+01   0.0000000e+00   0.0000000e+00   0.0000000e+00  -1.5335227e-02   2.6430548e+00  -6.3425874e-02
   1.3565517e+01   0.0000000e+00   0.0000000e+00   0.0000000e+00  -1.5346008e-02   2.6430538e+00  -6.3427159e-02
   1.3585482e+01   0.0000000e+00   0.0000000e+00   0.0000000e+00  -1.5388429e-02   2.6430589e+00  -6.3430101e-02
   1.3599025e+01   0.0000000e+00   0.0000000e+00   0.0000000e+00  -1.5447880e-02   2.6430573e+00  -6.3441366e-02
   1.3619021e+01   0.0000000e+00   0.0000000e+00   0.0000000e+00  -1.5308323e-02   2.6430552e+00  -6.3424545e-02
   1.3638967e+01   0.0000000e+00   0.0000000e+00   0.0000000e+00  -1.5307588e-02   2.6430484e+00  -6.3415868e-02
   1.3659019e+01   0.0000000e+00   0.0000000e+00   0.0000000e+00  -1.5280721e-02   2.6430608e+00  -6.3416892e-02
   1.3672323e+01   0.0000000e+00   0.0000000e+00   0.0000000e+00  -1.5370346e-02   2.6430514e+00  -6.3430549e-02
   1.3692301e+01   0.0000000e+00   0.0000000e+00   0.0000000e+00  -1.5263224e-02   2.6430517e+00  -6.3425051e-02
   1.3712373e+01   0.0000000e+00   0.0000000e+00   0.0000000e+00  -1.5304836e-02   2.6430568e+00  -6.3415751e-02
   1.3732314e+01   0.0000000e+00   0.0000000e+00   0.0000000e+00  -1.5387096e-02   2.6430555e+00  -6.3423753e-02
   1.3745632e+01   0.0000000e+00   0.0000000e+00   0.0000000e+00  -1.5337537e-02   2.6430490e+00  -6.3424059e-02
   1.3765736e+01   0.0000000e+00   0.0000000e+00   0.0000000e+00  -1.5216987e-02   2.6430471e+00  -6.3424876e-02
   1.3785636e+01   0.0000000e+00   0.0000000e+00   0.0000000e+00  -1.5261373e-02   2.6430519e+00  -6.3421378e-02
   1.3805731e+01   0.0000000e+00   0.0000000e+00   0.0000000e+00  -1.5262069e-02   2.6430555e+00  -6.3414297e-02
   1.3819006e+01   0.0000000e+00   0.0000000e+00   0.0000000e+00  -1.5242181e-02   2.6430539e+00  -6.3422517e-02
   1.3839009e+01   0.0000000e+00   0.0000000e+00   0.0000000e+00  -1.5282093e-02   2.6430508e+00  -6.3424499e-02
   1.3859052e+01   0.0000000e+00   0.0000000e+00   0.0000000e+00  -1.5273880e-02   2.6430483e+00  -6.3418853e-02
   1.3878915e+01   0.0000000e+00   0.0000000e+00   0.0000000e+00  -1.5334915e-02   2.6430449e+00  -6.3423954e-02
   1.3892254e+01   0.0000000e+00   0.0000000e+00   0.0000000e+00  -1.5283580e-02   2.6430432e+00  -6.3422636e-02
   1.3912381e+01   0.0000000e+00   0.0000000e+00   0.0000000e+00  -1.5364560e-02   2.6430405e+00  -6.3419752e-02
   1.3932291e+01   0.0000000e+00   0.0000000e+00   0.0000000e+00  -1.5290911e-02   2.6430488e+00  -6.3416513e-02
   1.3952372e+01   0.0000000e+00   0.0000000e+00   0.0000000e+00  -1.5255964e-02   2.6430530e+00  -6.3413959e-02
   1.3965804e+01   0.0000000e+00   0.0000000e+00   0.0000000e+00  -1.5318312e-02   2.6430509e+00  -6.3423108e-02
   1.3985696e+01   0.0000000e+00   0.0000000e+00   0.0000000e+00  -1.5273626e-02   2.6430452e+00  -6.3416737e-02
   1.4005748e+01   0.0000000e+00   0.0000000e+00   0.0000000e+00  -1.5359965e-02   2.6430377e+00  -6.3419263e-02
   1.4025648e+01   0.0000000e+00   0.0000000e+00   0.0000000e+00  -1.5328827e-02   2.6430359e+00  -6.3417879e-02
   1.4039055e+01   0.0000000e+00   0.0000000e+00   0.0000000e+00  -1.5253379e-02   2.6430464e+00  -6.3420206e-02
   1.4059096e+01   0.0000000e+00   0.0000000e+00   0.0000000e+00  -1.5320187e-02   2.6430422e+00  -6.3427129e-02
   1.4079078e+01   0.0000000e+00   0.0000000e+00   0.0000000e+00  -1.5297481e-02   2.6430440e+00  -6.3420688e-02
   1.4099114e+01   0.0000000e+00   0.0000000e+00   0.0000000e+00  -1.5290857e-02   2.6430437e+00  -6.3430829e-02
   1.4112439e+01   0.0000000e+00   0.0000000e+00   0.0000000e+00  -1.5219911e-02   2.6430434e+00  -6.3417865e-02
   1.4132423e+01   0.0000000e+00   0.0000000e+00   0.0000000e+00  -1.5332464e-02   2.6430396e+00  -6.3417962e-02
   1.4152472e+01   0.0000000e+00   0.0000000e+00   0.0000000e+00  -1.5310946e-02   2.6430430e+00  -6.3418735e-02
   1.4172410e+01   0.0000000e+00   0.0000000e+00   0.0000000e+00  -1.5323535e-02   2.6430464e+00  -6.3423837e-02
   1.4185750e+01   0.0000000e+00   0.0000000e+00   0.0000000e+00  -1.5256189e-02   2.6430303e+00  -6.3417547e-02
   1.4206007e+01   0.0000000e+00   0.0000000e+00   0.0000000e+00  -1.5293525e-02   2.6430457e+00  -6.3425972e-02
   1.4225745e+01   0.0000000e+00   0.0000000e+00   0.0000000e+00  -1.5335446e-02   2.6430318e+00  -6.3418156e-02
