t gyro vx vy theta px py
   1.1530000e+00   0.0000000e+00   0.0000000e+00   0.0000000e+00   0.0000000e+00   0.0000000e+00   0.0000000e+00
   1.1681690e+00   0.0000000e+00   0.0000000e+00   0.0000000e+00  -1.9452509e-03  -1.5884727e-05   2.7390170e-04
   1.1880920e+00   0.0000000e+00   0.0000000e+00   0.0000000e+00  -1.9686036e-03  -3.9642570e-05   2.7296035e-04
   1.2041130e+00   0.0000000e+00   0.0000000e+00   0.0000000e+00  -5.6240754e-04  -8.4071219e-06   1.0293389e-04
   1.2239089e+00   0.0000000e+00   0.0000000e+00   0.0000000e+00  -2.0094422e-03   1.7372116e-06   2.7727608e-04
   1.2407379e+00   0.0000000e+00   0.0000000e+00   0.0000000e+00  -5.8958477e-04  -1.4453595e-05   1.0426974e-04
   1.2607399e+00   0.0000000e+00   0.0000000e+00   0.0000000e+00  -1.9638041e-03  -2.1030840e-05   2.7335028e-04
   1.2783450e+00   0.0000000e+00   0.0000000e+00   0.0000000e+00  -5.8348911e-04   1.9949932e-06   1.2308999e-04
   1.2983709e+00   0.0000000e+00   0.0000000e+00   0.0000000e+00  -5.8509782e-04   1.5327115e-06   1.2190951e-04
   1.3141069e+00   0.0000000e+00   0.0000000e+00   0.0000000e+00  -5.8554197e-04   6.1002817e-06   1.2596948e-04
   1.3341661e+00   0.0000000e+00   0.0000000e+00   0.0000000e+00  -1.9232535e-03  -3.4148109e-05   2.7060931e-04
   1.3517110e+00   0.0000000e+00   0.0000000e+00   0.0000000e+00  -6.3870396e-04   1.6669011e-05   1.2726201e-04
   1.3717320e+00   0.0000000e+00   0.0000000e+00   0.0000000e+00  -5.9668824e-04  -1.0154450e-05   1.0320586e-04
   1.3917540e+00   0.0000000e+00   0.0000000e+00   0.0000000e+00  -5.7408112e-04  -9.2158432e-06   1.1854395e-04
   1.4049601e+00   0.0000000e+00   0.0000000e+00   0.0000000e+00  -5.5322483e-04  -1.6307738e-05   1.0471515e-04
   1.4274991e+00   0.0000000e+00   0.0000000e+00   0.0000000e+00  -6.3307950e-04   2.8790217e-07   1.1872762e-04
   1.4476680e+00   0.0000000e+00   0.0000000e+00   0.0000000e+00  -5.7955261e-04   7.4909618e-06   1.1787134e-04
   1.4635149e+00   0.0000000e+00   0.0000000e+00   0.0000000e+00  -6.4781775e-04   7.7904431e-07   1.1631590e-04
   1.4835559e+00   0.0000000e+00   0.0000000e+00   0.0000000e+00  -5.6445452e-04   6.5346664e-06   1.1683582e-04
   1.5002509e+00   0.0000000e+00   0.0000000e+00   0.0000000e+00  -2.0832730e-03  -1.8297941e-05   2.7490578e-04
   1.5201360e+00   0.0000000e+00   0.0000000e+00   0.0000000e+00  -5.4271553e-04  -9.4694474e-06   1.1405995e-04
   1.5353480e+00   0.0000000e+00   0.0000000e+00   0.0000000e+00  -1.9503421e-03  -3.6494113e-05   2.5878150e-04
   1.5553529e+00   0.0000000e+00   0.0000000e+00   0.0000000e+00  -1.8727592e-03  -4.9874523e-05   2.4392054e-04
   1.5700319e+00   0.0000000e+00   0.0000000e+00   0.0000000e+00  -6.7758174e-04   1.9594854e-05   1.2761526e-04
   1.5902649e+00   0.0000000e+00   0.0000000e+00   0.0000000e+00  -7.2911504e-04   8.6310605e-06   1.3176396e-04
   1.6119581e+00   0.0000000e+00   0.0000000e+00   0.0000000e+00  -1.9880123e-03  -1.4291700e-05   2.8407635e-04
   1.6251779e+00   0.0000000e+00   0.0000000e+00   0.0000000e+00  -5.7116766e-04   3.8603093e-06   1.2095181e-04
   1.6495729e+00   0.0000000e+00   0.0000000e+00   0.0000000e+00  -1.9197154e-03  -2.0384304e-05   2.6505786e-04
   1.6628440e+00   0.0000000e+00   0.0000000e+00   0.0000000e+00  -5.7891805e-04  -2.9553800e-06   1.1273844e-04
   1.6845049e+00   0.0000000e+00   0.0000000e+00   0.0000000e+00  -2.0363200e-03  -1.6610576e-05   2.7526550e-04
   1.7045290e+00   0.0000000e+00   0.0000000e+00   0.0000000e+00  -4.2435929e-04  -1.6135040e-05   1.1505160e-04
   1.7229630e+00   0.0000000e+00   0.0000000e+00   0.0000000e+00  -5.8208759e-04   4.5011073e-06   1.3227221e-04
   1.7363239e+00   0.0000000e+00   0.0000000e+00   0.0000000e+00  -5.4996830e-04  -8.9441762e-06   9.7085342e-05
   1.7597039e+00   0.0000000e+00   0.0000000e+00   0.0000000e+00  -5.6317935e-04   7.8724082e-06   1.1631688e-04
   1.7730330e+00   0.0000000e+00   0.0000000e+00   0.0000000e+00  -5.8037138e-04  -3.1287836e-06   1.1197388e-04
   1.7931270e+00   0.0000000e+00   0.0000000e+00   0.0000000e+00  -5.5856081e-04   1.1720718e-05   1.2774368e-04
   1.8147129e+00   0.0000000e+00   0.0000000e+00   0.0000000e+00  -5.7049980e-04  -1.7770423e-05   1.0516697e-04
   1.8281071e+00   0.0000000e+00   0.0000000e+00   0.0000000e+00  -1.9433513e-03  -1.6482420e-05   2.6830375e-04
   1.8515050e+00   0.0000000e+00   0.0000000e+00   0.0000000e+00  -5.1383794e-04  -1.9177032e-05   9.9604733e-05
   1.8648651e+00   0.0000000e+00   0.0000000e+00   0.0000000e+00  -6.3680263e-04  -5.2551133e-06   1.0714146e-04
   1.8822040e+00   0.0000000e+00   0.0000000e+00   0.0000000e+00  -2.0121487e-03  -2.7517172e-05   2.7799589e-04
   1.9024879e+00   0.0000000e+00   0.0000000e+00   0.0000000e+00  -4.8708528e-04   1.1306341e-05   1.2908355e-04
   1.9188939e+00   0.0000000e+00   0.0000000e+00   0.0000000e+00  -5.7217958e-04  -4.5407267e-06   1.1593968e-04
   1.9390989e+00   0.0000000e+00   0.0000000e+00   0.0000000e+00  -6.0764665e-04  -1.1072471e-05   1.1153605e-04
   1.9556711e+00   0.0000000e+00   0.0000000e+00   0.0000000e+00  -1.9543016e-03  -2.4047800e-05   2.5666673e-04
   1.9758669e+00   0.0000000e+00   0.0000000e+00   0.0000000e+00  -5.4849331e-04  -1.3483572e-05   1.0661626e-04
   1.9984021e+00   0.0000000e+00   0.0000000e+00   0.0000000e+00  -5.6050894e-04  -8.2765404e-06   1.1675802e-04
   2.0116020e+00   0.0000000e+00   0.0000000e+00   0.0000000e+00  -2.1273565e-03  -1.6692541e-07   2.7537234e-04
   2.0350270e+00   0.0000000e+00   0.0000000e+00   0.0000000e+00  -1.9266476e-03  -2.2599132e-05   2.6038433e-04
   2.0485000e+00   0.0000000e+00   0.0000000e+00   0.0000000e+00  -6.4698978e-04   1.0437011e-06   1.1967227e-04
   2.0717351e+00   0.0000000e+00   0.0000000e+00   0.0000000e+00  -1.9160796e-03  -3.1074903e-05   2.6885124e-04
   2.0852040e+00   0.0000000e+00   0.0000000e+00   0.0000000e+00  -1.9999175e-03  -2.2693127e-05   2.6835889e-04
   2.1043751e+00   0.0000000e+00   0.0000000e+00   0.0000000e+00  -5.8662671e-04   4.9755684e-06   1.1808656e-04
   2.1243111e+00   0.0000000e+00   0.0000000e+00   0.0000000e+00  -6.0251328e-04  -1.9580326e-07   1.1033913e-04
   2.1411050e+00   0.0000000e+00   0.0000000e+00   0.0000000e+00  -5.2700835e-04  -1.6203544e-05   1.1830399e-04
   2.1610860e+00   0.0000000e+00   0.0000000e+00   0.0000000e+00  -5.4066842e-04  -5.7207278e-06   1.2259251e-04
   2.1769340e+00   0.0000000e+00   0.0000000e+00   0.0000000e+00  -4.8378535e-04  -1.7354806e-05   1.1066745e-04
   2.1991519e+00   0.0000000e+00   0.0000000e+00   0.0000000e+00  -5.3810621e-04  -1.2209473e-05   1.0592638e-04
   2.2187300e+00   0.0000000e+00   0.0000000e+00   0.0000000e+00  -5.3862942e-04  -1.4186603e-05   1.1864836e-04
   2.2320249e+00   0.0000000e+00   0.0000000e+00   0.0000000e+00  -1.9676289e-03  -2.9227508e-05   2.7154076e-04
   2.2553949e+00   0.0000000e+00   0.0000000e+00   0.0000000e+00  -6.2311937e-04  -9.9670035e-06   1.0569344e-04
   2.2686900e+00   0.0000000e+00   0.0000000e+00   0.0000000e+00  -5.4951410e-04  -9.7817432e-06   1.0805012e-04
   2.2912700e+00   0.0000000e+00   0.0000000e+00   0.0000000e+00  -5.8855291e-04  -9.0125939e-06   1.0829396e-04
   2.3044481e+00   0.0000000e+00   0.0000000e+00   0.0000000e+00  -1.9949257e-03  -3.4629784e-05   2.6127075e-04
   2.3287430e+00   0.0000000e+00   0.0000000e+00   0.0000000e+00  -5.4108393e-04  -2.0003353e-06   1.1041592e-04
   2.3423010e+00   0.0000000e+00   0.0000000e+00   0.0000000e+00  -5.9455866e-04  -7.5153360e-06   1.1875007e-04
   2.3595431e+00   0.0000000e+00   0.0000000e+00   0.0000000e+00  -5.5751937e-04  -2.1874827e-05   1.0886842e-04
   2.3796171e+00   0.0000000e+00   0.0000000e+00   0.0000000e+00  -1.9501869e-03  -2.3890510e-05   2.7632260e-04
   2.4022421e+00   0.0000000e+00   0.0000000e+00   0.0000000e+00  -5.1132817e-04  -2.0858286e-05   1.0461230e-04
   2.4155800e+00   0.0000000e+00   0.0000000e+00   0.0000000e+00  -1.9868155e-03  -2.8427177e-05   2.6454087e-04
   2.4380309e+00   0.0000000e+00   0.0000000e+00   0.0000000e+00  -6.0611213e-04  -8.9128241e-06   1.1892403e-04
   2.4512221e+00   0.0000000e+00   0.0000000e+00   0.0000000e+00  -4.7415276e-04  -1.3202105e-05   1.0007093e-04
   2.4739119e+00   0.0000000e+00   0.0000000e+00   0.0000000e+00  -5.4908217e-04  -7.9946901e-06   1.0127712e-04
   2.4939180e+00   0.0000000e+00   0.0000000e+00   0.0000000e+00  -1.9369736e-03  -3.5472093e-05   2.5616259e-04
   2.5114909e+00   0.0000000e+00   0.0000000e+00   0.0000000e+00  -5.8059435e-04  -4.0394359e-06   1.2670435e-04
   2.5247169e+00   0.0000000e+00   0.0000000e+00   0.0000000e+00  -6.5288504e-04  -6.3094138e-06   1.2191234e-04
   2.5483111e+00   0.0000000e+00   0.0000000e+00   0.0000000e+00  -5.9245167e-04  -4.6672053e-06   1.1303884e-04
   2.5657109e+00   0.0000000e+00   0.0000000e+00   0.0000000e+00  -5.0675965e-04  -3.9408824e-06   1.1118042e-04
   2.5858210e+00   0.0000000e+00   0.0000000e+00   0.0000000e+00  -6.0567082e-04   3.9725600e-06   1.1354431e-04
   2.6012099e+00   1.8741862e-01   4.1232097e-02   0.0000000e+00  -2.0347766e-03  -4.1203944e-05   2.7182604e-04
   2.6213011e+00  -1.4355443e-01   3.1581976e-02   0.0000000e+00  -1.5919521e-04   7.6628920e-04   1.9504997e-04
   2.6406831e+00   0.0000000e+00   1.3094980e-01   0.0000000e+00  -1.0367638e-03   2.0436533e-03   5.4641303e-05
   2.6539731e+00   2.1701845e-01   2.3872029e-01   0.0000000e+00  -1.6036622e-03   2.8103699e-03   2.3186485e-05
   2.6744769e+00   0.0000000e+00   1.8567803e-01   0.0000000e+00  -5.2398270e-03   5.9376484e-03  -1.7219371e-04
   2.6956120e+00   1.3646357e-01   2.1015389e-01   0.0000000e+00  -6.9284180e-03   8.5434190e-03  -4.8228706e-04
   2.7153140e+00   1.4638967e-01   2.2544010e-01   0.0000000e+00  -8.2764015e-03   1.3388877e-02  -7.2893469e-04
   2.7284150e+00  -2.2014803e-01   3.3902797e-01   0.0000000e+00  -9.2607868e-03   1.5155757e-02  -7.5505838e-04
   2.7488769e+00   0.0000000e+00   2.4807867e-01   0.0000000e+00  -1.2183126e-02   2.1053831e-02  -9.7150581e-04
   2.7656899e+00   1.7154357e-01   2.6417710e-01   0.0000000e+00  -1.4854350e-02   2.5484380e-02  -1.1818485e-03
   2.7861651e+00   0.0000000e+00   3.0989673e-01   0.0000000e+00  -1.6207006e-02   3.0362183e-02  -1.2930690e-03
   2.8041429e+00   0.0000000e+00   2.8235526e-01   0.0000000e+00  -1.6203416e-02   3.5515434e-02  -1.4510960e-03
   2.8242489e+00   0.0000000e+00   2.5246922e-01   0.0000000e+00  -1.5696719e-02   4.3691787e-02  -1.6443337e-03
   2.8410159e+00   0.0000000e+00   3.7843304e-01   0.0000000e+00  -1.4855774e-02   4.9419373e-02  -1.7759819e-03
   2.8614639e+00   0.0000000e+00   3.1030798e-01   0.0000000e+00  -1.5124491e-02   5.5122763e-02  -2.0261291e-03
   2.8824479e+00   1.3744581e-01   2.7214270e-01   0.0000000e+00  -1.4542330e-02   6.3833620e-02  -2.3160112e-03
   2.8959911e+00  -2.1296137e-01   5.1536653e-01   0.0000000e+00  -1.5690677e-02   6.9657174e-02  -2.3602220e-03
   2.9197671e+00   0.0000000e+00   2.6687322e-01   0.0000000e+00  -1.5717727e-02   7.5451369e-02  -2.4917826e-03
   2.9330289e+00   2.1747926e-01   4.3060893e-01   0.0000000e+00  -1.6337164e-02   8.1272610e-02  -2.6479783e-03
   2.9544930e+00  -1.3437211e-01   2.6605679e-01   0.0000000e+00  -1.8217523e-02   8.9669442e-02  -2.9742725e-03
   2.9713539e+00   0.0000000e+00   3.7632434e-01   0.0000000e+00  -1.6858578e-02   9.5607390e-02  -3.2948945e-03
   2.9908381e+00   0.0000000e+00   3.2565826e-01   0.0000000e+00  -1.7764282e-02   1.0088696e-01  -3.0176497e-03
   3.0135130e+00   1.2719642e-01   2.5184891e-01   0.0000000e+00  -1.9760424e-02   1.0933033e-01  -3.4652442e-03
   3.0271210e+00  -2.1194777e-01   4.1965658e-01   0.0000000e+00  -1.8453102e-02   1.1200163e-01  -3.6189693e-03
   3.0501469e+00   1.2525761e-01   2.4801006e-01   0.0000000e+00  -1.9438934e-02   1.2007147e-01  -3.5191158e-03
   3.0634220e+00  -2.1726118e-01   4.3017713e-01   0.0000000e+00  -1.8635028e-02   1.2513854e-01  -3.8772830e-03
   3.0871729e+00   1.2143414e-01   2.4043960e-01   0.0000000e+00  -1.9204191e-02   1.3015232e-01  -3.9208640e-03
   3.1007261e+00   0.0000000e+00   3.7453591e-01   0.0000000e+00  -1.9145065e-02   1.3568533e-01  -4.2585097e-03
   3.1244870e+00  -1.2138312e-01   2.4033858e-01   0.0000000e+00  -1.7077911e-02   1.4325351e-01  -4.3245198e-03
   3.1377601e+00   2.1729470e-01   4.3024350e-01   0.0000000e+00  -1.6277569e-02   1.4831532e-01  -4.2709643e-03
   3.1598810e+00  -1.3038185e-01   2.5815606e-01   0.0000000e+00  -1.8925979e-02   1.5355639e-01  -4.6614081e-03
   3.1800861e+00   1.4274505e-01   2.8263519e-01   0.0000000e+00  -1.9446449e-02   1.6070961e-01  -4.6266597e-03
   3.1989031e+00  -1.5327459e-01   3.0348369e-01   0.0000000e+00  -1.7563980e-02   1.6577444e-01  -4.8539487e-03
   3.2120569e+00   0.0000000e+00   3.8590713e-01   0.0000000e+00  -1.7242766e-02   1.6800920e-01  -4.7512348e-03
   3.2360280e+00   0.0000000e+00   2.6470146e-01   0.0000000e+00  -1.8028103e-02   1.7536404e-01  -5.1196235e-03
   3.2493761e+00   0.0000000e+00   3.8028960e-01   0.0000000e+00  -1.7895098e-02   1.8009734e-01  -5.2035289e-03
   3.2723559e+00   0.0000000e+00   2.2089545e-01   0.0000000e+00  -1.8021078e-02   1.8701447e-01  -5.2701942e-03
   3.2926180e+00   0.0000000e+00   2.5052345e-01   0.0000000e+00  -1.9625278e-02   1.9211805e-01  -5.6776505e-03
   3.3089539e+00   1.7655450e-01   3.4957790e-01   0.0000000e+00  -1.8708345e-02   1.9665346e-01  -5.8332507e-03
   3.3290461e+00   0.0000000e+00   2.5264293e-01   0.0000000e+00  -2.0376920e-02   2.0159633e-01  -5.9169141e-03
   3.3443559e+00  -1.8838699e-01   3.7300624e-01   0.0000000e+00  -1.9696927e-02   2.0609889e-01  -6.0102057e-03
   3.3644739e+00   0.0000000e+00   2.5231823e-01   0.0000000e+00  -1.9974662e-02   2.1307327e-01  -6.0322842e-03
   3.3814780e+00   0.0000000e+00   2.9852579e-01   0.0000000e+00  -1.8089352e-02   2.1752773e-01  -6.0192834e-03
   3.4018881e+00   0.0000000e+00   2.4870722e-01   0.0000000e+00  -2.2331695e-02   2.2294697e-01  -6.4645291e-03
   3.4196460e+00   0.0000000e+00   2.8585178e-01   0.0000000e+00  -1.9185501e-02   2.2738349e-01  -6.4861484e-03
   3.4398101e+00   0.0000000e+00   2.5174162e-01   0.0000000e+00  -1.9080792e-02   2.3449290e-01  -6.7143014e-03
   3.4585639e+00  -1.5379139e-01   3.0450694e-01   0.0000000e+00  -1.9649526e-02   2.3947305e-01  -6.7904307e-03
   3.4785109e+00   1.4459169e-01   2.8629155e-01   0.0000000e+00  -1.9652767e-02   2.4438274e-01  -6.9852795e-03
   3.4939841e+00   0.0000000e+00   3.2806129e-01   0.0000000e+00  -1.9595521e-02   2.4951155e-01  -7.2521349e-03
   3.5147149e+00   0.0000000e+00   3.0607373e-01   0.0000000e+00  -2.0142229e-02   2.5708720e-01  -7.5595365e-03
   3.5312679e+00   0.0000000e+00   3.0666069e-01   0.0000000e+00  -2.1223519e-02   2.6227465e-01  -7.8889437e-03
   3.5515180e+00   1.4242744e-01   2.8200634e-01   0.0000000e+00  -1.9051686e-02   2.6731378e-01  -8.1015900e-03
   3.5675039e+00  -1.8041950e-01   3.5723061e-01   0.0000000e+00  -1.9047916e-02   2.7244095e-01  -8.2592822e-03
   3.5877940e+00   1.4214711e-01   2.8145128e-01   0.0000000e+00  -1.9938274e-02   2.8017384e-01  -8.5981758e-03
   3.6040049e+00  -1.7791510e-01   3.5227189e-01   0.0000000e+00  -2.1224364e-02   2.8290448e-01  -8.7892323e-03
   3.6242809e+00   1.4224582e-01   2.8164672e-01   0.0000000e+00  -2.0985971e-02   2.9051252e-01  -9.1609022e-03
   3.6400121e+00  -1.8334086e-01   3.6301489e-01   0.0000000e+00  -2.1447246e-02   2.9555884e-01  -9.1733703e-03
   3.6605871e+00   1.4017862e-01   2.7755366e-01   0.0000000e+00  -2.0739683e-02   3.0050034e-01  -9.2427845e-03
   3.6791891e+00  -1.5504645e-01   3.0699198e-01   0.0000000e+00  -2.0593100e-02   3.0783854e-01  -9.4316211e-03
   3.6994189e+00   1.4256983e-01   2.8228826e-01   0.0000000e+00  -2.0675615e-02   3.1269723e-01  -9.5150529e-03
   3.7189131e+00  -1.4795067e-01   2.9294233e-01   0.0000000e+00  -2.1043309e-02   3.1764311e-01  -9.5439771e-03
   3.7391770e+00   0.0000000e+00   2.5050129e-01   0.0000000e+00  -2.1851897e-02   3.2480787e-01  -9.7113517e-03
   3.7526920e+00   2.1340510e-01   4.2254210e-01   0.0000000e+00  -1.9877587e-02   3.2704563e-01  -9.8254882e-03
   3.7737770e+00  -1.3678831e-01   2.7084085e-01   0.0000000e+00  -1.9353329e-02   3.3445789e-01  -1.0023245e-02
   3.7931669e+00   0.0000000e+00   2.6179240e-01   0.0000000e+00  -1.9240729e-02   3.3927498e-01  -1.0111970e-02
   3.8127161e+00   0.0000000e+00   2.5966005e-01   0.0000000e+00  -2.1334160e-02   3.4683133e-01  -1.0484400e-02
   3.8259679e+00   2.1764311e-01   4.3093336e-01   0.0000000e+00  -2.1440182e-02   3.4925447e-01  -1.0543980e-02
   3.8508199e+00  -1.1605406e-01   2.2978703e-01   0.0000000e+00  -1.8981634e-02   3.5611125e-01  -1.0844057e-02
   3.8643620e+00   0.0000000e+00   3.7484036e-01   0.0000000e+00  -2.0910911e-02   3.6103105e-01  -1.1110085e-02
   3.8870209e+00   1.2728695e-01   2.5202817e-01   0.0000000e+00  -1.7902171e-02   3.6557428e-01  -1.1233595e-02
   3.9007891e+00  -2.0948078e-01   4.1477195e-01   0.0000000e+00  -1.8647947e-02   3.7039111e-01  -1.1460386e-02
   3.9202960e+00   0.0000000e+00   2.6022232e-01   0.0000000e+00  -2.0975871e-02   3.7548542e-01  -1.1546266e-02
   3.9405231e+00   1.4258968e-01   2.8232756e-01   0.0000000e+00  -2.0303012e-02   3.8265875e-01  -1.1862799e-02
   3.9564271e+00   0.0000000e+00   3.1917393e-01   0.0000000e+00  -1.8740216e-02   3.8739961e-01  -1.2103628e-02
   3.9768341e+00  -1.4133219e-01   2.7983774e-01   0.0000000e+00  -1.9049281e-02   3.9241251e-01  -1.2340851e-02
   3.9994640e+00   1.2744967e-01   2.5235034e-01   0.0000000e+00  -1.8920745e-02   4.0005944e-01  -1.2648861e-02
   4.0135000e+00  -2.0548434e-01   4.0685900e-01   0.0000000e+00  -2.0345286e-02   4.0536799e-01  -1.2993845e-02
   4.0368200e+00   1.2367769e-01   2.4488183e-01   0.0000000e+00  -1.8734399e-02   4.1042575e-01  -1.3111410e-02
   4.0503179e+00  -2.1367628e-01   4.2307904e-01   0.0000000e+00  -1.8444243e-02   4.1577875e-01  -1.3378042e-02
   4.0740929e+00   1.2131123e-01   2.4019624e-01   0.0000000e+00  -1.8805020e-02   4.2378363e-01  -1.3650678e-02
   4.0875531e+00   0.0000000e+00   4.7140209e-01   0.0000000e+00  -2.0532311e-02   4.2921171e-01  -1.3922415e-02
   4.1125630e+00   0.0000000e+00   2.0296515e-01   0.0000000e+00  -2.0304062e-02   4.3675686e-01  -1.4364709e-02
   4.1249030e+00   0.0000000e+00   5.1419725e-01   0.0000000e+00  -1.8843523e-02   4.3895092e-01  -1.4315640e-02
   4.1460371e+00   0.0000000e+00   2.4018751e-01   0.0000000e+00  -1.9304198e-02   4.4607456e-01  -1.4490738e-02
   4.1662521e+00   0.0000000e+00   2.5110720e-01   0.0000000e+00  -1.9226156e-02   4.5066858e-01  -1.4634815e-02
   4.1839000e+00   0.0000000e+00   2.8763480e-01   0.0000000e+00  -2.0761649e-02   4.5522559e-01  -1.4841588e-02
   4.2041900e+00   0.0000000e+00   2.5017891e-01   0.0000000e+00  -1.8034111e-02   4.6146606e-01  -1.4973644e-02
   4.2203219e+00   0.0000000e+00   3.1466604e-01   0.0000000e+00  -2.0496626e-02   4.6395286e-01  -1.5173794e-02
   4.2405599e+00   0.0000000e+00   2.5082133e-01   0.0000000e+00  -2.1047766e-02   4.7062145e-01  -1.5387138e-02
   4.2559100e+00   0.0000000e+00   3.3069295e-01   0.0000000e+00  -1.9415556e-02   4.7501963e-01  -1.5543818e-02
   4.2760239e+00   0.0000000e+00   2.5236961e-01   0.0000000e+00  -2.1719836e-02   4.7999470e-01  -1.5731347e-02
   4.2911740e+00   0.0000000e+00   3.3505712e-01   0.0000000e+00  -2.0283128e-02   4.8466114e-01  -1.5988231e-02
   4.3116890e+00   0.0000000e+00   2.4743477e-01   0.0000000e+00  -2.1172826e-02   4.8953962e-01  -1.6102765e-02
   4.3283019e+00   0.0000000e+00   3.8194364e-01   0.0000000e+00  -2.1215931e-02   4.9441471e-01  -1.6364778e-02
   4.3488769e+00   0.0000000e+00   2.4671436e-01   0.0000000e+00  -2.1500794e-02   5.0188358e-01  -1.6572580e-02
   4.3666730e+00  -1.6206766e-01   3.2089397e-01   0.0000000e+00  -2.0170357e-02   5.0672354e-01  -1.6647615e-02
   4.3868860e+00   1.4268900e-01   2.8252422e-01   0.0000000e+00  -2.0805420e-02   5.1177988e-01  -1.6924010e-02
   4.4038979e+00  -1.6953780e-01   3.3568485e-01   0.0000000e+00  -2.2288388e-02   5.1734922e-01  -1.7007182e-02
   4.4241460e+00   1.4244185e-01   2.8203486e-01   0.0000000e+00  -2.0470493e-02   5.2485172e-01  -1.7127477e-02
   4.4398690e+00   0.0000000e+00   4.0356004e-01   0.0000000e+00  -2.0794923e-02   5.2996092e-01  -1.7219278e-02
   4.4603631e+00   0.0000000e+00   2.4768822e-01   0.0000000e+00  -1.9998774e-02   5.3524252e-01  -1.7505860e-02
   4.4823471e+00   0.0000000e+00   2.8862708e-01   0.0000000e+00  -2.2006889e-02   5.4321119e-01  -1.7776561e-02
   4.4958439e+00   0.0000000e+00   3.7609879e-01   0.0000000e+00  -2.1411328e-02   5.4806547e-01  -1.7948410e-02
   4.5179979e+00   0.0000000e+00   2.8641249e-01   0.0000000e+00  -2.0760602e-02   5.5313656e-01  -1.8102265e-02
   4.5335289e+00   0.0000000e+00   3.2683919e-01   0.0000000e+00  -2.0615072e-02   5.5820831e-01  -1.8228352e-02
   4.5534260e+00  -1.4495446e-01   2.8700983e-01   0.0000000e+00  -2.0670906e-02   5.6326723e-01  -1.8426814e-02
   4.5763720e+00   1.2569361e-01   2.4887335e-01   0.0000000e+00  -2.0541131e-02   5.7054253e-01  -1.8564638e-02
   4.5898860e+00  -2.1342127e-01   4.2257412e-01   0.0000000e+00  -2.0867820e-02   5.7559317e-01  -1.8852677e-02
   4.6134319e+00   1.2249169e-01   2.4253354e-01   0.0000000e+00  -2.0716449e-02   5.8308193e-01  -1.9043501e-02
   4.6272520e+00  -2.0869307e-01   4.1321229e-01   0.0000000e+00  -2.0553793e-02   5.8535022e-01  -1.9017541e-02
   4.6499229e+00   1.2721940e-01   2.5189441e-01   0.0000000e+00  -2.0862615e-02   5.9276739e-01  -1.9244456e-02
   4.6633260e+00   0.0000000e+00   3.7872794e-01   0.0000000e+00  -2.0771205e-02   5.9764200e-01  -1.9380941e-02
   4.6853200e+00   0.0000000e+00   2.8849606e-01   0.0000000e+00  -2.0808736e-02   6.0232118e-01  -1.9529010e-02
   4.7056651e+00   0.0000000e+00   2.4950210e-01   0.0000000e+00  -2.0250973e-02   6.0947122e-01  -1.9790165e-02
   4.7226689e+00   0.0000000e+00   2.9853029e-01   0.0000000e+00  -2.0255875e-02   6.1419315e-01  -1.9913284e-02
   4.7429430e+00   0.0000000e+00   2.5037477e-01   0.0000000e+00  -2.0496524e-02   6.1881417e-01  -2.0008554e-02
   4.7599970e+00  -1.6912043e-01   3.3485845e-01   0.0000000e+00  -2.2082550e-02   6.2329072e-01  -2.0058587e-02
   4.7801439e+00   0.0000000e+00   2.5195594e-01   0.0000000e+00  -2.1576069e-02   6.3006039e-01  -2.0216264e-02
   4.7969949e+00   1.7115787e-01   3.3889258e-01   0.0000000e+00  -2.1996659e-02   6.3470884e-01  -2.0428349e-02
   4.8172601e+00   0.0000000e+00   2.5048547e-01   0.0000000e+00  -2.1931089e-02   6.3930475e-01  -2.0537416e-02
   4.8305301e+00   0.0000000e+00   3.8252721e-01   0.0000000e+00  -2.2567664e-02   6.4402105e-01  -2.0763034e-02
   4.8511051e+00   0.0000000e+00   2.4671436e-01   0.0000000e+00  -2.2317648e-02   6.4878311e-01  -2.0837513e-02
   4.8682860e+00  -1.6787054e-01   3.3238367e-01   0.0000000e+00  -2.1179901e-02   6.5358576e-01  -2.0896286e-02
   4.8883180e+00   0.0000000e+00   2.5340166e-01   0.0000000e+00  -2.2806321e-02   6.6080057e-01  -2.1229816e-02
   4.9102590e+00   0.0000000e+00   2.3135427e-01   0.0000000e+00  -2.2144569e-02   6.6574104e-01  -2.1294559e-02
   4.9238129e+00   2.1279244e-01   4.2132902e-01   0.0000000e+00  -2.2586863e-02   6.7075032e-01  -2.1519374e-02
   4.9483641e+00  -1.1747595e-01   2.3260237e-01   0.0000000e+00  -2.1532266e-02   6.7826857e-01  -2.1818526e-02
   4.9619580e+00   2.1216730e-01   4.2009125e-01   0.0000000e+00  -2.2234077e-02   6.8075457e-01  -2.1980284e-02
   4.9848579e+00  -1.2594654e-01   2.4937414e-01   0.0000000e+00  -2.2686943e-02   6.8828401e-01  -2.2371835e-02
   4.9981461e+00   2.1704771e-01   4.2975447e-01   0.0000000e+00  -2.2328723e-02   6.9338979e-01  -2.2601593e-02
   5.0202991e+00  -1.3019351e-01   2.5778315e-01   0.0000000e+00  -2.1648022e-02   6.9851914e-01  -2.2577074e-02
   5.0405000e+00   1.4277399e-01   2.8269250e-01   0.0000000e+00  -2.1647221e-02   7.0620276e-01  -2.2977717e-02
   5.0541779e+00  -2.1086480e-01   4.1751231e-01   0.0000000e+00  -2.1289275e-02   7.1128821e-01  -2.3175188e-02
   5.0743481e+00   1.4299144e-01   2.8312305e-01   0.0000000e+00  -2.0943874e-02   7.1616065e-01  -2.3249885e-02
   5.0954530e+00   0.0000000e+00   2.4051965e-01   0.0000000e+00  -2.3434419e-02   7.2118441e-01  -2.3574351e-02
   5.1157149e+00   0.0000000e+00   3.1315826e-01   0.0000000e+00  -2.2223319e-02   7.2851749e-01  -2.3475266e-02
   5.1311591e+00   0.0000000e+00   3.2867576e-01   0.0000000e+00  -2.2390920e-02   7.3344119e-01  -2.3563001e-02
   5.1514200e+00   0.0000000e+00   3.1317409e-01   0.0000000e+00  -2.1316458e-02   7.3808526e-01  -2.3576029e-02
   5.1674461e+00   0.0000000e+00   3.1674196e-01   0.0000000e+00  -2.1723904e-02   7.4295760e-01  -2.3727493e-02
   5.1875720e+00   0.0000000e+00   2.5221873e-01   0.0000000e+00  -2.1336513e-02   7.5015704e-01  -2.3869029e-02
   5.2086959e+00   1.3653633e-01   2.7034194e-01   0.0000000e+00  -2.1408918e-02   7.5502534e-01  -2.3923683e-02
   5.2224579e+00  -2.0957431e-01   4.1495713e-01   0.0000000e+00  -2.0467976e-02   7.5979298e-01  -2.4006260e-02
   5.2443490e+00   0.0000000e+00   2.3188184e-01   0.0000000e+00  -2.2252089e-02   7.6480712e-01  -2.4470955e-02
   5.2646140e+00   1.4232309e-01   2.8179971e-01   0.0000000e+00  -2.1982698e-02   7.7209306e-01  -2.4629848e-02
   5.2814500e+00  -1.7130882e-01   3.3919145e-01   0.0000000e+00  -2.0218054e-02   7.7689999e-01  -2.4693959e-02
   5.3018399e+00   0.0000000e+00   2.4895390e-01   0.0000000e+00  -2.0582146e-02   7.8179816e-01  -2.4735112e-02
   5.3179201e+00   1.7936248e-01   3.5513771e-01   0.0000000e+00  -2.1082513e-02   7.8673929e-01  -2.4956267e-02
   5.3381510e+00   0.0000000e+00   2.5091020e-01   0.0000000e+00  -1.9519734e-02   7.9387535e-01  -2.5177456e-02
   5.3568039e+00  -1.5462300e-01   3.0615354e-01   0.0000000e+00  -1.9719012e-02   7.9876536e-01  -2.5416818e-02
   5.3700309e+00   2.1805171e-01   4.3174238e-01   0.0000000e+00  -1.9547286e-02   8.0114338e-01  -2.5522529e-02
   5.3906689e+00   0.0000000e+00   2.4596152e-01   0.0000000e+00  -1.8795869e-02   8.0831845e-01  -2.5800330e-02
   5.4109359e+00  -1.4230871e-01   2.8177124e-01   0.0000000e+00  -1.9627868e-02   8.1322876e-01  -2.6083779e-02
   5.4271069e+00   1.7835448e-01   3.5314186e-01   0.0000000e+00  -1.9329239e-02   8.1811475e-01  -2.6298543e-02
   5.4473250e+00   0.0000000e+00   2.5106905e-01   0.0000000e+00  -1.9280396e-02   8.2557094e-01  -2.6467903e-02
   5.4641969e+00   0.0000000e+00   3.7607881e-01   0.0000000e+00  -1.9159600e-02   8.3062973e-01  -2.6766117e-02
   5.4844519e+00   0.0000000e+00   2.5061210e-01   0.0000000e+00  -1.9182281e-02   8.3579129e-01  -2.6929488e-02
   5.5005021e+00   0.0000000e+00   3.9533384e-01   0.0000000e+00  -1.8340689e-02   8.4102141e-01  -2.7027180e-02
   5.5209260e+00   0.0000000e+00   2.4853888e-01   0.0000000e+00  -2.0380130e-02   8.4883598e-01  -2.7371746e-02
   5.5428580e+00   0.0000000e+00   2.8931098e-01   0.0000000e+00  -2.0866590e-02   8.5404373e-01  -2.7534958e-02
   5.5562471e+00   2.1541262e-01   4.2651699e-01   0.0000000e+00  -1.8918207e-02   8.5925852e-01  -2.7516635e-02
   5.5801030e+00   0.0000000e+00   2.1278376e-01   0.0000000e+00  -1.8944472e-02   8.6681710e-01  -2.7796501e-02
   5.5933789e+00  -2.1724861e-01   4.3015224e-01   0.0000000e+00  -1.9106894e-02   8.6932070e-01  -2.7772175e-02
   5.6166050e+00   0.0000000e+00   2.1855324e-01   0.0000000e+00  -1.8285244e-02   8.7650924e-01  -2.7844611e-02
   5.6366050e+00   0.0000000e+00   2.5380711e-01   0.0000000e+00  -2.0036844e-02   8.8110961e-01  -2.8176522e-02
   5.6528520e+00   1.7751982e-01   3.5148925e-01   0.0000000e+00  -1.9310180e-02   8.8564935e-01  -2.8158526e-02
   5.6730791e+00  -1.4258968e-01   2.1958810e-01   0.0000000e+00  -2.0690795e-02   8.9286633e-01  -2.8492589e-02
   5.6890840e+00   1.8020595e-01   3.5680777e-01   0.0000000e+00  -1.9909975e-02   8.9744635e-01  -2.8591884e-02
   5.7093840e+00  -1.4207720e-01   2.8131285e-01   0.0000000e+00  -1.9152885e-02   9.0232334e-01  -2.8658072e-02
   5.7255560e+00   0.0000000e+00   3.1388400e-01   0.0000000e+00  -1.8286913e-02   9.0717127e-01  -2.8749627e-02
   5.7457839e+00   0.0000000e+00   2.5094830e-01   0.0000000e+00  -1.9437462e-02   9.1203268e-01  -2.8922904e-02
   5.7626499e+00   0.0000000e+00   3.0096808e-01   0.0000000e+00  -1.9381831e-02   9.1946002e-01  -2.9213651e-02
   5.7828481e+00   1.4279390e-01   2.8273191e-01   0.0000000e+00  -1.9690887e-02   9.2450382e-01  -2.9438950e-02
   5.7991169e+00  -1.7728239e-01   3.5101912e-01   0.0000000e+00  -1.9524805e-02   9.2954517e-01  -2.9777449e-02
   5.8193811e+00   1.4232848e-01   2.8181039e-01   0.0000000e+00  -1.9654118e-02   9.3465687e-01  -2.9912196e-02
   5.8379969e+00  -1.5493132e-01   3.0676401e-01   0.0000000e+00  -1.9183783e-02   9.4256267e-01  -3.0139495e-02
   5.8584090e+00   1.4129674e-01   2.7976755e-01   0.0000000e+00  -1.8979669e-02   9.4783000e-01  -3.0318744e-02
   5.8777560e+00  -1.4907634e-01   2.9517116e-01   0.0000000e+00  -1.9614451e-02   9.5309079e-01  -3.0399678e-02
   5.8911970e+00   0.0000000e+00   3.7766037e-01   0.0000000e+00  -2.1693353e-02   9.5810003e-01  -3.0575608e-02
   5.9140089e+00   0.0000000e+00   2.7815204e-01   0.0000000e+00  -2.0263187e-02   9.6597272e-01  -3.0602324e-02
   5.9342710e+00   0.0000000e+00   2.5052345e-01   0.0000000e+00  -2.1074164e-02   9.7119025e-01  -3.0884316e-02
   5.9521250e+00   0.0000000e+00   3.5539345e-01   0.0000000e+00  -2.1331292e-02   9.7649482e-01  -3.0995843e-02
   5.9653940e+00   0.0000000e+00   3.8255673e-01   0.0000000e+00  -2.1835721e-02   9.8172294e-01  -3.1165096e-02
   5.9883260e+00   0.0000000e+00   2.7669573e-01   0.0000000e+00  -2.0584737e-02   9.8928515e-01  -3.1424443e-02
   6.0086170e+00   0.0000000e+00   2.5016629e-01   0.0000000e+00  -2.1969231e-02   9.9463022e-01  -3.1633874e-02
   6.0256380e+00   0.0000000e+00   3.7278682e-01   0.0000000e+00  -2.0289804e-02   9.9987645e-01  -3.1525876e-02
   6.0458709e+00   0.0000000e+00   2.5088480e-01   0.0000000e+00  -2.1140818e-02   1.0074937e+00  -3.1813867e-02
   6.0594399e+00   0.0000000e+00   4.6762226e-01   0.0000000e+00  -1.9774663e-02   1.0102116e+00  -3.1898299e-02
   6.0797180e+00   0.0000000e+00   2.5032736e-01   0.0000000e+00  -2.1201202e-02   1.0178092e+00  -3.2144110e-02
   6.0970200e+00   0.0000000e+00   3.6673054e-01   0.0000000e+00  -2.0576934e-02   1.0230249e+00  -3.2235593e-02
   6.1169941e+00   0.0000000e+00   2.5413565e-01   0.0000000e+00  -2.1434428e-02   1.0279463e+00  -3.2454758e-02
   6.1389479e+00   1.3137465e-01   2.6012180e-01   0.0000000e+00  -2.2118981e-02   1.0356546e+00  -3.2710287e-02
   6.1527560e+00  -2.0887492e-01   4.1357235e-01   0.0000000e+00  -2.2049278e-02   1.0380341e+00  -3.2887239e-02
   6.1726969e+00   0.0000000e+00   2.5455979e-01   0.0000000e+00  -2.1154568e-02   1.0454158e+00  -3.3110855e-02
   6.1940560e+00  -1.3503243e-01   2.6736421e-01   0.0000000e+00  -2.2944400e-02   1.0503932e+00  -3.3380607e-02
   6.2073219e+00   2.1741211e-01   4.3047598e-01   0.0000000e+00  -2.1748889e-02   1.0552321e+00  -3.3287437e-02
   6.2294349e+00   0.0000000e+00   2.2955441e-01   0.0000000e+00  -2.1703513e-02   1.0625403e+00  -3.3527572e-02
   6.2498241e+00   0.0000000e+00   2.4896328e-01   0.0000000e+00  -2.1848797e-02   1.0672859e+00  -3.3768645e-02
   6.2650151e+00   0.0000000e+00   3.3415369e-01   0.0000000e+00  -2.2268974e-02   1.0721885e+00  -3.3949117e-02
   6.2851669e+00  -1.4312223e-01   2.8338201e-01   0.0000000e+00  -2.3571644e-02   1.0770084e+00  -3.4141068e-02
   6.3054239e+00   0.0000000e+00   2.5058677e-01   0.0000000e+00  -2.3193271e-02   1.0843394e+00  -3.4365968e-02
   6.3208600e+00   1.8684670e-01   3.6995647e-01   0.0000000e+00  -2.2354473e-02   1.0891871e+00  -3.4361783e-02
   6.3410451e+00   0.0000000e+00   2.5147981e-01   0.0000000e+00  -2.2046357e-02   1.0940787e+00  -3.4546664e-02
   6.3613630e+00  -1.4195189e-01   2.8106474e-01   0.0000000e+00  -2.2108643e-02   1.0990886e+00  -3.4765792e-02
   6.3746120e+00   0.0000000e+00   3.8313329e-01   0.0000000e+00  -2.2171109e-02   1.1040317e+00  -3.4931400e-02
   6.3967271e+00   1.3041656e-01   2.5822479e-01   0.0000000e+00  -2.3125822e-02   1.1116718e+00  -3.5306847e-02
   6.4170049e+00  -1.4223325e-01   2.8162183e-01   0.0000000e+00  -2.3450729e-02   1.1167846e+00  -3.5500047e-02
   6.4324749e+00   1.8643547e-01   3.6914223e-01   0.0000000e+00  -2.3209889e-02   1.1218702e+00  -3.5790015e-02
   6.4527550e+00  -1.4221709e-01   2.8158984e-01   0.0000000e+00  -2.2825439e-02   1.1268987e+00  -3.6000855e-02
   6.4738320e+00   1.3683981e-01   2.7094283e-01   0.0000000e+00  -2.3064585e-02   1.1347330e+00  -3.6401511e-02
   6.4873639e+00   0.0000000e+00   3.7512401e-01   0.0000000e+00  -2.2313125e-02   1.1372179e+00  -3.6460324e-02
   6.5092660e+00   0.0000000e+00   2.8970662e-01   0.0000000e+00  -2.2631374e-02   1.1447363e+00  -3.6885148e-02
   6.5254559e+00   0.0000000e+00   3.1353658e-01   0.0000000e+00  -2.2486736e-02   1.1499185e+00  -3.7119618e-02
   6.5456851e+00   0.0000000e+00   3.1366553e-01   0.0000000e+00  -2.2814557e-02   1.1550248e+00  -3.7285767e-02
   6.5652921e+00   0.0000000e+00   2.5889385e-01   0.0000000e+00  -2.2631190e-02   1.1624658e+00  -3.7437264e-02
   6.5846780e+00   0.0000000e+00   3.2730965e-01   0.0000000e+00  -2.2151175e-02   1.1673978e+00  -3.7486624e-02
   6.5979229e+00   0.0000000e+00   3.8325177e-01   0.0000000e+00  -2.2654952e-02   1.1723698e+00  -3.7623050e-02
   6.6209219e+00  -1.2540400e-01   2.4829992e-01   0.0000000e+00  -2.2971208e-02   1.1797264e+00  -3.7786480e-02
   6.6358820e+00   1.9279057e-01   3.8172534e-01   0.0000000e+00  -2.3033873e-02   1.1821877e+00  -3.7830006e-02
   6.6557740e+00  -1.4499177e-01   2.8708371e-01   0.0000000e+00  -2.3272563e-02   1.1895075e+00  -3.8072235e-02
   6.6743939e+00   1.5489724e-01   3.0669653e-01   0.0000000e+00  -2.2343773e-02   1.1943662e+00  -3.8156936e-02
   6.6944111e+00   0.0000000e+00   2.5358963e-01   0.0000000e+00  -2.2633519e-02   1.1992069e+00  -3.8426686e-02
   6.7119440e+00  -1.6450029e-01   3.2571057e-01   0.0000000e+00  -2.0269865e-02   1.2038424e+00  -3.8528065e-02
   6.7317351e+00   0.0000000e+00   2.5648605e-01   0.0000000e+00  -2.0622546e-02   1.2111328e+00  -3.8744555e-02
   6.7476519e+00   1.8120298e-01   3.5878191e-01   0.0000000e+00  -2.1140639e-02   1.2160667e+00  -3.8966267e-02
   6.7674189e+00   0.0000000e+00   2.5679829e-01   0.0000000e+00  -2.0664275e-02   1.2208352e+00  -3.9144657e-02
   6.7850000e+00  -1.6404997e-01   3.2481894e-01   0.0000000e+00  -2.0353013e-02   1.2255046e+00  -3.9314185e-02
   6.8045031e+00   1.4788270e-01   2.9280774e-01   0.0000000e+00  -1.9650070e-02   1.2326396e+00  -3.9583434e-02
   6.8227659e+00  -1.5792618e-01   3.1269383e-01   0.0000000e+00  -1.9653149e-02   1.2373717e+00  -3.9747023e-02
   6.8425081e+00   0.0000000e+00   2.5712130e-01   0.0000000e+00  -1.8831355e-02   1.2422523e+00  -3.9906071e-02
   6.8592410e+00   1.7236503e-01   3.4128276e-01   0.0000000e+00  -1.8983386e-02   1.2471475e+00  -4.0096216e-02
   6.8788109e+00   0.0000000e+00   2.5938492e-01   0.0000000e+00  -1.9382409e-02   1.2520796e+00  -4.0306197e-02
   6.8976259e+00  -1.5329128e-01   3.0351673e-01   0.0000000e+00  -1.9304383e-02   1.2593468e+00  -4.0572514e-02
   6.9177539e+00   1.4329152e-01   2.8371720e-01   0.0000000e+00  -1.8647343e-02   1.2643069e+00  -4.0761434e-02
   6.9349479e+00   0.0000000e+00   2.9522780e-01   0.0000000e+00  -1.9404229e-02   1.2693455e+00  -4.0977424e-02
   6.9550439e+00   0.0000000e+00   3.1574332e-01   0.0000000e+00  -1.9587340e-02   1.2769686e+00  -4.1291790e-02
   6.9707610e+00   0.0000000e+00   3.2296897e-01   0.0000000e+00  -1.9956052e-02   1.2795712e+00  -4.1278999e-02
   6.9904310e+00   0.0000000e+00   3.2258122e-01   0.0000000e+00  -2.0353243e-02   1.2874371e+00  -4.1559080e-02
   7.0107731e+00   0.0000000e+00   3.1192472e-01   0.0000000e+00  -2.0839409e-02   1.2926190e+00  -4.1754356e-02
   7.0259229e+00   0.0000000e+00   3.3506278e-01   0.0000000e+00  -2.0308227e-02   1.2977281e+00  -4.1872234e-02
   7.0463440e+00   0.0000000e+00   2.4857315e-01   0.0000000e+00  -2.0477059e-02   1.3052406e+00  -4.2193844e-02
   7.0691211e+00   0.0000000e+00   2.7857721e-01   0.0000000e+00  -1.9751075e-02   1.3099963e+00  -4.2222468e-02
   7.0826300e+00   0.0000000e+00   3.7576380e-01   0.0000000e+00  -1.8970386e-02   1.3146305e+00  -4.2384802e-02
   7.1021220e+00   0.0000000e+00   2.6042054e-01   0.0000000e+00  -2.0059753e-02   1.3192140e+00  -4.2444964e-02
   7.1224579e+00   0.0000000e+00   2.4961517e-01   0.0000000e+00  -2.0100937e-02   1.3259680e+00  -4.2651768e-02
   7.1393429e+00   0.0000000e+00   3.0063041e-01   0.0000000e+00  -1.9828141e-02   1.3305651e+00  -4.2871924e-02
   7.1596079e+00   0.0000000e+00   2.5048863e-01   0.0000000e+00  -1.9566494e-02   1.3351168e+00  -4.2990669e-02
   7.1807460e+00   0.0000000e+00   2.4014097e-01   0.0000000e+00  -1.9789954e-02   1.3420790e+00  -4.3223545e-02
   7.1942339e+00   0.0000000e+00   3.7634863e-01   0.0000000e+00  -2.0664621e-02   1.3444373e+00  -4.3421926e-02
   7.2178120e+00   0.0000000e+00   2.6911305e-01   0.0000000e+00  -2.0022273e-02   1.3515393e+00  -4.3542290e-02
   7.2315170e+00   0.0000000e+00   3.7038723e-01   0.0000000e+00  -1.8683959e-02   1.3562802e+00  -4.3861695e-02
   7.2518749e+00   0.0000000e+00   2.4934522e-01   0.0000000e+00  -2.0141828e-02   1.3611495e+00  -4.4059650e-02
   7.2720651e+00   1.4285002e-01   2.8284304e-01   0.0000000e+00  -1.8530072e-02   1.3684146e+00  -4.4208437e-02
   7.2906950e+00  -1.5481422e-01   3.0653216e-01   0.0000000e+00  -2.0220721e-02   1.3733355e+00  -4.4357965e-02
   7.3110549e+00   0.0000000e+00   2.4932014e-01   0.0000000e+00  -1.9687809e-02   1.3783861e+00  -4.4457915e-02
   7.3254109e+00   0.0000000e+00   4.4198884e-01   0.0000000e+00  -2.1630482e-02   1.3834047e+00  -4.4699353e-02
   7.3456090e+00   0.0000000e+00   2.5131726e-01   0.0000000e+00  -1.9591726e-02   1.3883429e+00  -4.4704323e-02
   7.3618571e+00   0.0000000e+00   3.9051900e-01   0.0000000e+00  -2.1211502e-02   1.3934631e+00  -4.4842151e-02
   7.3820929e+00   0.0000000e+00   2.5084989e-01   0.0000000e+00  -2.1555422e-02   1.4011970e+00  -4.5048330e-02
   7.4032420e+00   1.3637272e-01   2.7001798e-01   0.0000000e+00  -2.0912896e-02   1.4062727e+00  -4.5134831e-02
   7.4164990e+00  -2.1755905e-01   4.3076693e-01   0.0000000e+00  -2.1164135e-02   1.4115234e+00  -4.5281754e-02
   7.4362330e+00   1.4615229e-01   2.8938154e-01   0.0000000e+00  -2.0320227e-02   1.4165988e+00  -4.5352951e-02
   7.4557180e+00  -1.4802065e-01   2.9308088e-01   0.0000000e+00  -2.1750771e-02   1.4243081e+00  -4.5611664e-02
   7.4741909e+00   1.5612937e-01   3.0913616e-01   0.0000000e+00  -2.1882457e-02   1.4296079e+00  -4.5762851e-02
   7.4935120e+00  -1.4927584e-01   2.9556617e-01   0.0000000e+00  -2.1916331e-02   1.4348480e+00  -4.5868553e-02
   7.5118349e+00   0.0000000e+00   3.4629684e-01   0.0000000e+00  -2.1604509e-02   1.4399534e+00  -4.5958735e-02
   7.5316711e+00   0.0000000e+00   2.5590347e-01   0.0000000e+00  -2.2771854e-02   1.4479010e+00  -4.6115360e-02
   7.5474100e+00   0.0000000e+00   4.0315306e-01   0.0000000e+00  -2.2793976e-02   1.4529884e+00  -4.6273851e-02
   7.5673380e+00   1.4472915e-01   2.8656371e-01   0.0000000e+00  -2.2714142e-02   1.4579925e+00  -4.6330899e-02
   7.5846820e+00  -1.6629219e-01   3.2925853e-01   0.0000000e+00  -2.2474524e-02   1.4630673e+00  -4.6467701e-02
   7.6044499e+00   0.0000000e+00   2.5678832e-01   0.0000000e+00  -2.2415498e-02   1.4704818e+00  -4.6710695e-02
   7.6271169e+00   1.2724095e-01   2.5193708e-01   0.0000000e+00  -2.3220070e-02   1.4753186e+00  -4.6847502e-02
   7.6408769e+00  -2.0960550e-01   4.1501889e-01   0.0000000e+00  -2.3841555e-02   1.4801529e+00  -4.6946653e-02
   7.6628829e+00   0.0000000e+00   2.3067066e-01   0.0000000e+00  -2.3561807e-02   1.4873975e+00  -4.7164223e-02
   7.6829799e+00  -1.4351238e-01   2.8415450e-01   0.0000000e+00  -2.3455796e-02   1.4921305e+00  -4.7189940e-02
   7.7008810e+00   1.6111740e-01   2.4812080e-01   0.0000000e+00  -2.3315335e-02   1.4968576e+00  -4.7290511e-02
   7.7141789e+00   0.0000000e+00   3.8172452e-01   0.0000000e+00  -2.3121831e-02   1.5016422e+00  -4.7379942e-02
   7.7387229e+00  -1.1751025e-01   2.3267030e-01   0.0000000e+00  -2.3765996e-02   1.5086861e+00  -4.7582424e-02
   7.7524381e+00   2.1029016e-01   4.1637453e-01   0.0000000e+00  -2.2127637e-02   1.5111391e+00  -4.7571738e-02
   7.7716900e+00  -1.4981178e-01   2.3071015e-01   0.0000000e+00  -2.4001051e-02   1.5181994e+00  -4.7844375e-02
   7.7911629e+00   1.4811211e-01   2.9326197e-01   0.0000000e+00  -2.3867717e-02   1.5228448e+00  -4.7991651e-02
   7.8091080e+00   0.0000000e+00   2.8287084e-01   0.0000000e+00  -2.2606366e-02   1.5277757e+00  -4.8111162e-02
   7.8293241e+00   0.0000000e+00   2.5109448e-01   0.0000000e+00  -2.2680066e-02   1.5352306e+00  -4.8446845e-02
   7.8447581e+00   0.0000000e+00   4.1111729e-01   0.0000000e+00  -2.2200362e-02   1.5377205e+00  -4.8598809e-02
   7.8650289e+00   0.0000000e+00   2.5041587e-01   0.0000000e+00  -2.2894589e-02   1.5452689e+00  -4.8776400e-02
   7.8824531e+00   0.0000000e+00   2.9132833e-01   0.0000000e+00  -2.2267191e-02   1.5504262e+00  -4.9037659e-02
   7.9019999e+00   0.0000000e+00   3.2461332e-01   0.0000000e+00  -2.2035592e-02   1.5555972e+00  -4.9253363e-02
   7.9249439e+00   1.2570483e-01   2.4889557e-01   0.0000000e+00  -2.2122641e-02   1.5634650e+00  -4.9483760e-02
   7.9384310e+00  -2.1384662e-01   4.2341632e-01   0.0000000e+00  -2.3223438e-02   1.5686789e+00  -4.9657401e-02
   7.9620209e+00   1.2226305e-01   2.4208084e-01   0.0000000e+00  -2.1953710e-02   1.5739295e+00  -4.9961231e-02
   7.9755380e+00  -2.1337277e-01   4.2247808e-01   0.0000000e+00  -2.2389149e-02   1.5790545e+00  -5.0101012e-02
   7.9992700e+00   1.2153108e-01   2.4063154e-01   0.0000000e+00  -2.2764643e-02   1.5867593e+00  -5.0443112e-02
   8.0128641e+00  -2.1216330e-01   4.2008333e-01   0.0000000e+00  -2.2613305e-02   1.5919130e+00  -5.0532949e-02
   8.0347421e+00   1.3182967e-01   2.6102275e-01   0.0000000e+00  -2.4166615e-02   1.5969078e+00  -5.0590779e-02
   8.0550700e+00  -1.4188217e-01   2.8092670e-01   0.0000000e+00  -2.2308659e-02   1.6044622e+00  -5.0708047e-02
   8.0713060e+00   0.0000000e+00   3.9080840e-01   0.0000000e+00  -2.2960341e-02   1.6093337e+00  -5.0765947e-02
   8.0914440e+00   0.0000000e+00   2.5206804e-01   0.0000000e+00  -2.3224086e-02   1.6143075e+00  -5.1002753e-02
   8.1074440e+00   1.8026073e-01   3.5691624e-01   0.0000000e+00  -2.3224542e-02   1.6192229e+00  -5.1152123e-02
   8.1277461e+00  -1.4206287e-01   2.8128447e-01   0.0000000e+00  -2.2167434e-02   1.6241959e+00  -5.1265913e-02
   8.1447169e+00   0.0000000e+00   2.9911121e-01   0.0000000e+00  -2.3016051e-02   1.6290160e+00  -5.1294602e-02
   8.1651830e+00   1.4092382e-01   2.7902916e-01   0.0000000e+00  -2.3628298e-02   1.6364514e+00  -5.1507507e-02
   8.1812580e+00  -1.7941961e-01   3.5525083e-01   0.0000000e+00  -2.2353179e-02   1.6411812e+00  -5.1670771e-02
   8.2012860e+00   0.0000000e+00   2.5345349e-01   0.0000000e+00  -2.4635816e-02   1.6461348e+00  -5.1733613e-02
   8.2183100e+00   1.6941798e-01   3.3544760e-01   0.0000000e+00  -2.2636453e-02   1.6509655e+00  -5.2035554e-02
   8.2385089e+00  -1.4278847e-01   2.8272116e-01   0.0000000e+00  -2.2689907e-02   1.6579507e+00  -5.2298432e-02
   8.2581279e+00   0.0000000e+00   2.5873508e-01   0.0000000e+00  -2.1919156e-02   1.6627531e+00  -5.2501885e-02
   8.2783030e+00   1.4295697e-01   2.8305479e-01   0.0000000e+00  -2.2361792e-02   1.6675139e+00  -5.2780072e-02
   8.2944669e+00   0.0000000e+00   3.1404308e-01   0.0000000e+00  -2.3647195e-02   1.6723694e+00  -5.2798684e-02
   8.3147889e+00  -1.4192328e-01   2.8100809e-01   0.0000000e+00  -2.2950432e-02   1.6795681e+00  -5.3064720e-02
   8.3307710e+00   0.0000000e+00   3.1761461e-01   0.0000000e+00  -2.2097731e-02   1.6843794e+00  -5.3234995e-02
   8.3509671e+00   1.4280838e-01   2.8276058e-01   0.0000000e+00  -2.2724814e-02   1.6892110e+00  -5.3217672e-02
   8.3672700e+00  -1.7691214e-01   3.5028603e-01   0.0000000e+00  -2.1730614e-02   1.6940528e+00  -5.3521887e-02
   8.3874791e+00   1.4271612e-01   2.8257791e-01   0.0000000e+00  -2.2982363e-02   1.6992258e+00  -5.3681029e-02
   8.4034379e+00  -1.8072628e-01   3.5783803e-01   0.0000000e+00  -2.1171325e-02   1.7041378e+00  -5.3887606e-02
   8.4236880e+00   1.4242744e-01   2.8200634e-01   0.0000000e+00  -2.2653106e-02   1.7119345e+00  -5.4093669e-02
   8.4415699e+00  -1.6129040e-01   3.1935499e-01   0.0000000e+00  -2.0880105e-02   1.7169201e+00  -5.4382080e-02
   8.4619710e+00   1.4137298e-01   2.7991850e-01   0.0000000e+00  -2.0732224e-02   1.7221811e+00  -5.4589172e-02
   8.4789090e+00  -1.7027833e-01   3.3715110e-01   0.0000000e+00  -1.9088307e-02   1.7271126e+00  -5.4770308e-02
   8.4991591e+00   1.4242744e-01   2.8200634e-01   0.0000000e+00  -1.9711091e-02   1.7346847e+00  -5.4999686e-02
   8.5202870e+00   0.0000000e+00   2.4025736e-01   0.0000000e+00  -1.9586968e-02   1.7396470e+00  -5.5090360e-02
   8.5337959e+00   0.0000000e+00   3.7576380e-01   0.0000000e+00  -1.9586883e-02   1.7444549e+00  -5.5188987e-02
   8.5524650e+00   0.0000000e+00   3.3987673e-01   0.0000000e+00  -1.9873402e-02   1.7491708e+00  -5.5274174e-02
   8.5727000e+00   0.0000000e+00   2.5085941e-01   0.0000000e+00  -1.9707678e-02   1.7559928e+00  -5.5531716e-02
   8.5885000e+00   0.0000000e+00   3.2127352e-01   0.0000000e+00  -2.0174419e-02   1.7608077e+00  -5.5644219e-02
   8.6090069e+00   0.0000000e+00   2.4753361e-01   0.0000000e+00  -1.9311533e-02   1.7653937e+00  -5.5847009e-02
   8.6284691e+00   0.0000000e+00   2.6082132e-01   0.0000000e+00  -2.0172209e-02   1.7701654e+00  -5.5938621e-02
   8.6486319e+00   0.0000000e+00   2.5175760e-01   0.0000000e+00  -1.7789474e-02   1.7770551e+00  -5.6116469e-02
   8.6657309e+00   0.0000000e+00   2.9686764e-01   0.0000000e+00  -1.7219101e-02   1.7817895e+00  -5.6155005e-02
   8.6859649e+00   0.0000000e+00   3.1359013e-01   0.0000000e+00  -1.8622538e-02   1.7865833e+00  -5.6601665e-02
   8.7000111e+00   0.0000000e+00   3.6138879e-01   0.0000000e+00  -1.9482491e-02   1.7914216e+00  -5.6648910e-02
   8.7206250e+00   0.0000000e+00   2.4624865e-01   0.0000000e+00  -1.9496417e-02   1.7961908e+00  -5.6770043e-02
   8.7383990e+00   0.0000000e+00   3.5699050e-01   0.0000000e+00  -1.8009213e-02   1.8033070e+00  -5.6946931e-02
   8.7587111e+00   0.0000000e+00   2.4990775e-01   0.0000000e+00  -1.8084416e-02   1.8083753e+00  -5.7024722e-02
   8.7773940e+00  -1.5437511e-01   3.0566272e-01   0.0000000e+00  -1.9402558e-02   1.8135172e+00  -5.7325763e-02
   8.7975591e+00   1.4302775e-01   2.8319494e-01   0.0000000e+00  -1.9723069e-02   1.8210479e+00  -5.7432546e-02
   8.8128269e+00   0.0000000e+00   3.3247284e-01   0.0000000e+00  -1.8771075e-02   1.8259930e+00  -5.7399862e-02
   8.8330550e+00   0.0000000e+00   3.1368141e-01   0.0000000e+00  -1.9326852e-02   1.8314363e+00  -5.7804181e-02
   8.8490361e+00   0.0000000e+00   3.1763496e-01   0.0000000e+00  -1.9866889e-02   1.8364673e+00  -5.7781998e-02
   8.8695179e+00   0.0000000e+00   3.0979602e-01   0.0000000e+00  -1.8048833e-02   1.8417647e+00  -5.8089518e-02
   8.8921811e+00   0.0000000e+00   2.2398202e-01   0.0000000e+00  -2.0082749e-02   1.8494460e+00  -5.8172074e-02
   8.9057700e+00   0.0000000e+00   4.6693512e-01   0.0000000e+00  -1.9203708e-02   1.8544499e+00  -5.8226698e-02
   8.9285180e+00  -1.2678846e-01   2.5104115e-01   0.0000000e+00  -1.9347280e-02   1.8596991e+00  -5.8390999e-02
   8.9419820e+00   2.1421256e-01   4.2414088e-01   0.0000000e+00  -1.9036768e-02   1.8648862e+00  -5.8459503e-02
   8.9641680e+00  -1.2999972e-01   2.5739944e-01   0.0000000e+00  -1.9459422e-02   1.8725800e+00  -5.8652702e-02
   8.9844509e+00   1.4219734e-01   2.8155074e-01   0.0000000e+00  -1.9148392e-02   1.8778012e+00  -5.8839859e-02
   9.0007161e+00  -1.7732145e-01   3.5109647e-01   0.0000000e+00  -1.9249263e-02   1.8829932e+00  -5.9049299e-02
   9.0207210e+00   1.4417352e-01   2.8546357e-01   0.0000000e+00  -1.9339207e-02   1.8884502e+00  -5.9336399e-02
   9.0360999e+00  -1.8754029e-01   3.7132978e-01   0.0000000e+00  -1.9712285e-02   1.8930852e+00  -5.9245015e-02
   9.0563869e+00   1.4216863e-01   2.8149390e-01   0.0000000e+00  -1.9894888e-02   1.9006391e+00  -5.9480319e-02
   9.0723510e+00  -1.8066542e-01   3.5771753e-01   0.0000000e+00  -1.9110758e-02   1.9055334e+00  -5.9670699e-02
   9.0925661e+00   0.0000000e+00   2.5110720e-01   0.0000000e+00  -1.9334424e-02   1.9104168e+00  -5.9928838e-02
   9.1155659e+00   1.2539981e-01   2.4829163e-01   0.0000000e+00  -2.0101599e-02   1.9176911e+00  -5.9960080e-02
   9.1290340e+00  -2.1414742e-01   4.2401188e-01   0.0000000e+00  -1.9765147e-02   1.9199915e+00  -5.9984118e-02
   9.1526119e+00   0.0000000e+00   2.1529278e-01   0.0000000e+00  -1.9276211e-02   1.9271128e+00  -6.0181003e-02
   9.1663740e+00   0.0000000e+00   3.6885078e-01   0.0000000e+00  -1.8977936e-02   1.9318085e+00  -6.0423144e-02
   9.1882940e+00   0.0000000e+00   2.3157583e-01   0.0000000e+00  -2.0415429e-02   1.9387166e+00  -6.0585139e-02
   9.2071929e+00   0.0000000e+00   2.6859396e-01   0.0000000e+00  -2.0118407e-02   1.9433697e+00  -6.0856898e-02
   9.2271571e+00   0.0000000e+00   2.5426275e-01   0.0000000e+00  -2.0788677e-02   1.9485291e+00  -6.1191477e-02
   9.2406180e+00   0.0000000e+00   3.7710015e-01   0.0000000e+00  -2.0281254e-02   1.9532117e+00  -6.1277239e-02
   9.2627080e+00   0.0000000e+00   2.2979383e-01   0.0000000e+00  -2.0018837e-02   1.9600323e+00  -6.1217801e-02
   9.2799140e+00   0.0000000e+00   3.6877669e-01   0.0000000e+00  -2.0977553e-02   1.9648614e+00  -6.1283287e-02
   9.2999760e+00   0.0000000e+00   2.5302334e-01   0.0000000e+00  -2.0931650e-02   1.9697859e+00  -6.1497210e-02
   9.3176589e+00   0.0000000e+00   2.8706431e-01   0.0000000e+00  -1.9911114e-02   1.9747055e+00  -6.1732536e-02
   9.3371531e+00   0.0000000e+00   2.6039318e-01   0.0000000e+00  -2.0296147e-02   1.9797399e+00  -6.1942375e-02
   9.3540639e+00   0.0000000e+00   3.7521345e-01   0.0000000e+00  -2.0208067e-02   1.9846854e+00  -6.2262955e-02
   9.3734411e+00   0.0000000e+00   2.6196534e-01   0.0000000e+00  -2.0309260e-02   1.9925910e+00  -6.2719028e-02
   9.3901950e+00   0.0000000e+00   3.7872794e-01   0.0000000e+00  -2.0881540e-02   1.9977414e+00  -6.2921118e-02
   9.4097429e+00   0.0000000e+00   2.5967705e-01   0.0000000e+00  -2.0485600e-02   2.0024001e+00  -6.2922021e-02
   9.4256810e+00   0.0000000e+00   3.9811511e-01   0.0000000e+00  -1.8917742e-02   2.0076836e+00  -6.3637757e-02
   9.4461489e+00   0.0000000e+00   2.4800421e-01   0.0000000e+00  -1.8821600e-02   2.0152715e+00  -6.3890692e-02
   9.4681191e+00   0.0000000e+00   2.8880869e-01   0.0000000e+00  -1.9015754e-02   2.0202490e+00  -6.4087056e-02
   9.4814060e+00   0.0000000e+00   3.8204077e-01   0.0000000e+00  -1.8900483e-02   2.0251436e+00  -6.4205043e-02
   9.5054329e+00   1.2003938e-01   2.3767796e-01   0.0000000e+00  -1.8874168e-02   2.0326225e+00  -6.4306094e-02
   9.5186840e+00  -2.1765572e-01   4.3095833e-01   0.0000000e+00  -1.9341235e-02   2.0349746e+00  -6.4375651e-02
   9.5424080e+00   0.0000000e+00   2.6745781e-01   0.0000000e+00  -1.8459768e-02   2.0424446e+00  -6.4371851e-02
   9.5559750e+00   0.0000000e+00   3.7415428e-01   0.0000000e+00  -1.9092844e-02   2.0473455e+00  -6.4577257e-02
   9.5772829e+00   0.0000000e+00   2.3822813e-01   0.0000000e+00  -1.9712901e-02   2.0522806e+00  -6.4799573e-02
   9.5975970e+00   0.0000000e+00   3.1235319e-01   0.0000000e+00  -1.9748161e-02   2.0595521e+00  -6.4976075e-02
   9.6170159e+00   0.0000000e+00   2.6140242e-01   0.0000000e+00  -1.9923698e-02   2.0645040e+00  -6.5203550e-02
   9.6303450e+00   2.1638073e-01   4.2843385e-01   0.0000000e+00  -1.8490967e-02   2.0693720e+00  -6.5302775e-02
   9.6508189e+00  -1.4087096e-01   2.7892449e-01   0.0000000e+00  -1.9305111e-02   2.0742289e+00  -6.5487493e-02
   9.6675869e+00   0.0000000e+00   3.0272794e-01   0.0000000e+00  -1.9344634e-02   2.0791805e+00  -6.5690744e-02
   9.6880779e+00   1.4075304e-01   2.7869102e-01   0.0000000e+00  -1.8651192e-02   2.0862461e+00  -6.6005501e-02
   9.7075359e+00   0.0000000e+00   2.6087623e-01   0.0000000e+00  -1.8431237e-02   2.0910347e+00  -6.6223612e-02
   9.7276099e+00  -1.4367709e-01   2.8448064e-01   0.0000000e+00  -1.8652264e-02   2.0957868e+00  -6.6428944e-02
   9.7445809e+00   1.6994699e-01   3.3649503e-01   0.0000000e+00  -1.7737006e-02   2.1004027e+00  -6.6612457e-02
   9.7648909e+00  -1.4200736e-01   2.8117456e-01   0.0000000e+00  -1.8186494e-02   2.1076025e+00  -6.6796407e-02
   9.7811439e+00   0.0000000e+00   3.1232170e-01   0.0000000e+00  -1.8906580e-02   2.1124232e+00  -6.7059403e-02
   9.8013000e+00   1.4309133e-01   2.8332083e-01   0.0000000e+00  -1.8209276e-02   2.1171711e+00  -6.7112750e-02
   9.8181720e+00   0.0000000e+00   3.0086305e-01   0.0000000e+00  -1.8857628e-02   2.1221176e+00  -6.7318992e-02
   9.8384129e+00  -1.4249229e-01   2.8213474e-01   0.0000000e+00  -1.6137827e-02   2.1294155e+00  -6.7755616e-02
   9.8564309e+00   1.6007126e-01   3.1694110e-01   0.0000000e+00  -1.8580605e-02   2.1345152e+00  -6.7937744e-02
   9.8765069e+00  -1.4366244e-01   2.8445162e-01   0.0000000e+00  -1.8437583e-02   2.1395561e+00  -6.8088171e-02
   9.8935670e+00   1.6905952e-01   3.3473785e-01   0.0000000e+00  -1.8318792e-02   2.1446965e+00  -6.8275534e-02
   9.9138141e+00  -1.4244905e-01   2.8204912e-01   0.0000000e+00  -1.8473184e-02   2.1522957e+00  -6.8499051e-02
   9.9279650e+00   2.0381525e-01   4.0355419e-01   0.0000000e+00  -1.6978891e-02   2.1548360e+00  -6.8684693e-02
   9.9484171e+00   0.0000000e+00   2.4819667e-01   0.0000000e+00  -1.8646837e-02   2.1624103e+00  -6.8944769e-02
   9.9703701e+00  -1.3137924e-01   2.6013090e-01   0.0000000e+00  -1.9169671e-02   2.1674313e+00  -6.9140176e-02
   9.9836120e+00   2.1780721e-01   4.3125827e-01   0.0000000e+00  -1.9525630e-02   2.1722327e+00  -6.9300403e-02
   1.0002514e+01   0.0000000e+00   2.6855030e-01   0.0000000e+00  -2.0195643e-02   2.1769148e+00  -6.9346287e-02
   1.0022808e+01   0.0000000e+00   2.5013157e-01   0.0000000e+00  -2.0327676e-02   2.1839301e+00  -6.9511315e-02
   1.0042550e+01  -1.4609165e-01   2.8926146e-01   0.0000000e+00  -2.0320179e-02   2.1885497e+00  -6.9584058e-02
   1.0062504e+01   0.0000000e+00   2.5439323e-01   0.0000000e+00  -2.0624161e-02   2.1956226e+00  -6.9898630e-02
   1.0080131e+01   0.0000000e+00   2.8797735e-01   0.0000000e+00  -1.8681041e-02   2.2001007e+00  -7.0016841e-02
   1.0099798e+01   1.4664882e-01   2.9036466e-01   0.0000000e+00  -2.1400278e-02   2.2052344e+00  -7.0135353e-02
   1.0114732e+01   0.0000000e+00   3.3990469e-01   0.0000000e+00  -2.1920969e-02   2.2102219e+00  -7.0301451e-02
   1.0134443e+01   0.0000000e+00   2.5752871e-01   0.0000000e+00  -2.1568375e-02   2.2150607e+00  -7.0765055e-02
   1.0157214e+01  -1.2666017e-01   2.5078714e-01   0.0000000e+00  -2.1521300e-02   2.2221308e+00  -7.0959140e-02
   1.0170898e+01   2.1077013e-01   4.1732485e-01   0.0000000e+00  -2.1547757e-02   2.2269425e+00  -7.1091080e-02
   1.0193751e+01   0.0000000e+00   2.2212031e-01   0.0000000e+00  -1.7907867e-02   2.2309886e+00  -7.1056772e-02
   1.0206943e+01  -2.1863142e-01   4.3289021e-01   0.0000000e+00  -2.2227952e-02   2.2366287e+00  -7.1375085e-02
   1.0229023e+01   1.3062372e-01   2.5863496e-01   0.0000000e+00  -2.4317593e-02   2.2418945e+00  -7.1593694e-02
   1.0249258e+01   0.0000000e+00   2.5085941e-01   0.0000000e+00  -2.1768530e-02   2.2488866e+00  -7.1705878e-02
   1.0266416e+01   0.0000000e+00   3.6981111e-01   0.0000000e+00  -1.8059421e-02   2.2531420e+00  -7.1595021e-02
   1.0286626e+01   0.0000000e+00   2.5117082e-01   0.0000000e+00  -1.8208082e-02   2.2582617e+00  -7.1701511e-02
   1.0301982e+01  -1.8781855e-01   3.7188072e-01   0.0000000e+00  -1.8898440e-02   2.2632289e+00  -7.1849731e-02
   1.0322385e+01   1.4136056e-01   2.7989392e-01   0.0000000e+00  -1.6545279e-02   2.2706553e+00  -7.1994435e-02
   1.0342325e+01   0.0000000e+00   2.5456959e-01   0.0000000e+00  -1.7507169e-02   2.2759333e+00  -7.2239032e-02
   1.0355844e+01  -2.1334449e-01   4.2242208e-01   0.0000000e+00  -1.6675807e-02   2.2808077e+00  -7.2157530e-02
   1.0378779e+01   1.2575394e-01   2.4899280e-01   0.0000000e+00  -1.8098683e-02   2.2859668e+00  -7.2442401e-02
   1.0399042e+01  -1.4233567e-01   2.8182463e-01   0.0000000e+00  -1.7962413e-02   2.2934717e+00  -7.2677434e-02
   1.0416115e+01   0.0000000e+00   3.7165210e-01   0.0000000e+00  -1.8270517e-02   2.2987220e+00  -7.2984285e-02
   1.0436427e+01   0.0000000e+00   2.4990775e-01   0.0000000e+00  -1.6542343e-02   2.3039432e+00  -7.3000914e-02
   1.0452313e+01   0.0000000e+00   3.9942389e-01   0.0000000e+00  -1.6594262e-02   2.3089992e+00  -7.2960873e-02
   1.0472692e+01   1.4152571e-01   2.8022090e-01   0.0000000e+00  -1.8021409e-02   2.3167664e+00  -7.3295400e-02
   1.0489639e+01  -1.7018830e-01   3.3697284e-01   0.0000000e+00  -1.8920086e-02   2.3220142e+00  -7.3585596e-02
   1.0509892e+01   1.4240764e-01   2.8196713e-01   0.0000000e+00  -1.8429892e-02   2.3270164e+00  -7.3881733e-02
   1.0523223e+01  -2.1634749e-01   4.2836803e-01   0.0000000e+00  -1.7170204e-02   2.3320135e+00  -7.3889747e-02
   1.0547976e+01   0.0000000e+00   2.0507266e-01   0.0000000e+00  -1.8160721e-02   2.3394196e+00  -7.3935335e-02
   1.0561533e+01   0.0000000e+00   4.6803728e-01   0.0000000e+00  -1.8385961e-02   2.3418387e+00  -7.4063405e-02
   1.0579184e+01   0.0000000e+00   2.8758474e-01   0.0000000e+00  -1.9346958e-02   2.3493611e+00  -7.4284482e-02
   1.0599611e+01   0.0000000e+00   2.4850150e-01   0.0000000e+00  -2.0121259e-02   2.3540403e+00  -7.4660471e-02
   1.0617315e+01   1.6291132e-01   3.2256442e-01   0.0000000e+00  -1.9164518e-02   2.3588185e+00  -7.4799758e-02
   1.0637499e+01   0.0000000e+00   2.5149257e-01   0.0000000e+00  -2.0280162e-02   2.3636554e+00  -7.5028317e-02
   1.0656376e+01  -1.5278819e-01   3.0252062e-01   0.0000000e+00  -1.9819434e-02   2.3711150e+00  -7.5215423e-02
   1.0676425e+01   0.0000000e+00   2.5318488e-01   0.0000000e+00  -1.9556724e-02   2.3759379e+00  -7.5239229e-02
   1.0691812e+01   0.0000000e+00   3.2990068e-01   0.0000000e+00  -2.1067330e-02   2.3807539e+00  -7.5314044e-02
   1.0712090e+01   0.0000000e+00   2.5032736e-01   0.0000000e+00  -2.2191478e-02   2.3850316e+00  -7.5759771e-02
   1.0729741e+01   0.0000000e+00   2.8758474e-01   0.0000000e+00  -2.1802466e-02   2.3924217e+00  -7.5981923e-02
   1.0751548e+01   0.0000000e+00   2.3277470e-01   0.0000000e+00  -1.6635158e-02   2.3973221e+00  -7.5604893e-02
   1.0764983e+01  -2.1467380e-01   4.2505412e-01   0.0000000e+00  -2.3136416e-02   2.4023780e+00  -7.6629916e-02
   1.0785402e+01   0.0000000e+00   1.8645090e-01   0.0000000e+00  -2.4164706e-02   2.4073941e+00  -7.6944201e-02
   1.0805473e+01   0.0000000e+00   1.8968037e-01   0.0000000e+00  -2.7413071e-02   2.4138128e+00  -7.7399402e-02
   1.0825610e+01   1.4322776e-01   1.5755054e-01   0.0000000e+00  -2.6801592e-02   2.4177822e+00  -7.7289320e-02
   1.0838753e+01   0.0000000e+00   1.9311142e-01   0.0000000e+00  -2.6438412e-02   2.4207152e+00  -7.7410629e-02
   1.0859222e+01   0.0000000e+00   1.2399590e-01   0.0000000e+00  -2.5813281e-02   2.4226053e+00  -7.7409559e-02
   1.0879158e+01   0.0000000e+00   1.2731095e-01   0.0000000e+00  -2.5260396e-02   2.4242322e+00  -7.7482834e-02
   1.0899344e+01   0.0000000e+00   6.2867561e-02   0.0000000e+00  -2.4760761e-02   2.4252165e+00  -7.7503496e-02
   1.0912554e+01   0.0000000e+00   0.0000000e+00   0.0000000e+00  -2.4801406e-02   2.4253917e+00  -7.7592756e-02
   1.0932925e+01   0.0000000e+00   0.0000000e+00   0.0000000e+00  -2.5292896e-02   2.4253054e+00  -7.7500848e-02
   1.0952947e+01   0.0000000e+00   0.0000000e+00   0.0000000e+00  -2.2692571e-02   2.4243684e+00  -7.7311356e-02
   1.0973071e+01   0.0000000e+00   0.0000000e+00   0.0000000e+00  -2.1544138e-02   2.4236949e+00  -7.7159493e-02
   1.0986221e+01   0.0000000e+00   0.0000000e+00   0.0000000e+00  -2.1831317e-02   2.4236951e+00  -7.7595417e-02
   1.1006503e+01   0.0000000e+00   0.0000000e+00   0.0000000e+00  -2.2627156e-02   2.4230653e+00  -7.7623507e-02
   1.1026470e+01  -1.4444709e-01  -3.1778361e-02   0.0000000e+00  -2.5832159e-02   2.4227576e+00  -7.7430226e-02
   1.1046520e+01   1.4384953e-01  -3.1646898e-02   0.0000000e+00  -2.7168398e-02   2.4222500e+00  -7.7476669e-02
   1.1059938e+01   0.0000000e+00   0.0000000e+00   0.0000000e+00  -2.6952936e-02   2.4222115e+00  -7.7466417e-02
   1.1079972e+01   0.0000000e+00   0.0000000e+00   0.0000000e+00  -2.6687371e-02   2.4222092e+00  -7.7450713e-02
   1.1099944e+01   0.0000000e+00   0.0000000e+00   0.0000000e+00  -2.6381803e-02   2.4222792e+00  -7.7450262e-02
   1.1119997e+01   0.0000000e+00   0.0000000e+00   0.0000000e+00  -2.6483623e-02   2.4224076e+00  -7.7490871e-02
   1.1133210e+01   0.0000000e+00   0.0000000e+00   0.0000000e+00  -2.6793505e-02   2.4225335e+00  -7.7532923e-02
   1.1153415e+01   0.0000000e+00   0.0000000e+00   0.0000000e+00  -2.6653657e-02   2.4225896e+00  -7.7517645e-02
   1.1173442e+01   0.0000000e+00   0.0000000e+00   0.0000000e+00  -2.6432843e-02   2.4224660e+00  -7.7523571e-02
   1.1193477e+01   0.0000000e+00   0.0000000e+00   0.0000000e+00  -2.6458987e-02   2.4223901e+00  -7.7490379e-02
   1.1206548e+01   0.0000000e+00   0.0000000e+00   0.0000000e+00  -2.6722320e-02   2.4223750e+00  -7.7493726e-02
   1.1226790e+01   0.0000000e+00   0.0000000e+00   0.0000000e+00  -2.6353149e-02   2.4222846e+00  -7.7478411e-02
   1.1246803e+01   0.0000000e+00   0.0000000e+00   0.0000000e+00  -2.6494076e-02   2.4222809e+00  -7.7515310e-02
   1.1266901e+01   0.0000000e+00   0.0000000e+00   0.0000000e+00  -2.6517347e-02   2.4223081e+00  -7.7513952e-02
   1.1279889e+01   0.0000000e+00   0.0000000e+00   0.0000000e+00  -2.6469626e-02   2.4223300e+00  -7.7528700e-02
   1.1300123e+01   0.0000000e+00   0.0000000e+00   0.0000000e+00  -2.6496751e-02   2.4223284e+00  -7.7518169e-02
   1.1320107e+01   0.0000000e+00   0.0000000e+00   0.0000000e+00  -2.6587408e-02   2.4223313e+00  -7.7512550e-02
   1.1340138e+01   0.0000000e+00   0.0000000e+00   0.0000000e+00  -2.6499598e-02   2.4222983e+00  -7.7505375e-02
   1.1353230e+01   0.0000000e+00   0.0000000e+00   0.0000000e+00  -2.6516140e-02   2.4222986e+00  -7.7504883e-02
   1.1373466e+01   0.0000000e+00   0.0000000e+00   0.0000000e+00  -2.6493759e-02   2.4222787e+00  -7.7519908e-02
   1.1393453e+01   0.0000000e+00   0.0000000e+00   0.0000000e+00  -2.5539486e-02   2.4223378e+00  -7.7479541e-02
   1.1413470e+01   0.0000000e+00   0.0000000e+00   0.0000000e+00  -2.5952307e-02   2.4221967e+00  -7.7490668e-02
   1.1426560e+01   0.0000000e+00   0.0000000e+00   0.0000000e+00  -2.6385445e-02   2.4222604e+00  -7.7506939e-02
   1.1446807e+01   0.0000000e+00   0.0000000e+00   0.0000000e+00  -2.6470159e-02   2.4222646e+00  -7.7511569e-02
   1.1466905e+01   0.0000000e+00   0.0000000e+00   0.0000000e+00  -2.6338843e-02   2.4222745e+00  -7.7514386e-02
   1.1486787e+01   0.0000000e+00   0.0000000e+00   0.0000000e+00  -2.6368650e-02   2.4222654e+00  -7.7525005e-02
   1.1499943e+01   0.0000000e+00   0.0000000e+00   0.0000000e+00  -2.6396850e-02   2.4222740e+00  -7.7517509e-02
   1.1520181e+01   0.0000000e+00   0.0000000e+00   0.0000000e+00  -2.6288497e-02   2.4222477e+00  -7.7521345e-02
   1.1540143e+01   0.0000000e+00   0.0000000e+00   0.0000000e+00  -2.6465683e-02   2.4222455e+00  -7.7515659e-02
   1.1560216e+01   0.0000000e+00   0.0000000e+00   0.0000000e+00  -2.6312833e-02   2.4222618e+00  -7.7522036e-02
   1.1573421e+01   0.0000000e+00   0.0000000e+00   0.0000000e+00  -2.6420912e-02   2.4222268e+00  -7.7507877e-02
   1.1593599e+01   0.0000000e+00   0.0000000e+00   0.0000000e+00  -2.6313200e-02   2.4222223e+00  -7.7527416e-02
   1.1613786e+01   0.0000000e+00   0.0000000e+00   0.0000000e+00  -2.6298758e-02   2.4222091e+00  -7.7519577e-02
   1.1633793e+01   0.0000000e+00   0.0000000e+00   0.0000000e+00  -2.5297662e-02   2.4222932e+00  -7.7474025e-02
   1.1646674e+01   0.0000000e+00   0.0000000e+00   0.0000000e+00  -2.5582305e-02   2.4222909e+00  -7.7512649e-02
   1.1666991e+01   0.0000000e+00   0.0000000e+00   0.0000000e+00  -2.6181943e-02   2.4221967e+00  -7.7508105e-02
   1.1686914e+01   0.0000000e+00   0.0000000e+00   0.0000000e+00  -2.6279866e-02   2.4221996e+00  -7.7527641e-02
   1.1706874e+01   0.0000000e+00   0.0000000e+00   0.0000000e+00  -2.6282403e-02   2.4222184e+00  -7.7529415e-02
   1.1720008e+01   0.0000000e+00   0.0000000e+00   0.0000000e+00  -2.5330097e-02   2.4222764e+00  -7.7488308e-02
   1.1740263e+01   0.0000000e+00   0.0000000e+00   0.0000000e+00  -2.6274513e-02   2.4221949e+00  -7.7533250e-02
   1.1760340e+01   0.0000000e+00   0.0000000e+00   0.0000000e+00  -2.6253660e-02   2.4221864e+00  -7.7531941e-02
   1.1780168e+01   0.0000000e+00   0.0000000e+00   0.0000000e+00  -2.6217518e-02   2.4221775e+00  -7.7521949e-02
   1.1793416e+01   0.0000000e+00   0.0000000e+00   0.0000000e+00  -2.6227310e-02   2.4221789e+00  -7.7531954e-02
   1.1813582e+01   0.0000000e+00   0.0000000e+00   0.0000000e+00  -2.6392571e-02   2.4221878e+00  -7.7533920e-02
   1.1833583e+01   0.0000000e+00   0.0000000e+00   0.0000000e+00  -2.5369735e-02   2.4222481e+00  -7.7496445e-02
   1.1853588e+01   0.0000000e+00   0.0000000e+00   0.0000000e+00  -2.6221815e-02   2.4221566e+00  -7.7528635e-02
   1.1866722e+01   0.0000000e+00   0.0000000e+00   0.0000000e+00  -2.6365900e-02   2.4222062e+00  -7.7535734e-02
   1.1886931e+01   0.0000000e+00   0.0000000e+00   0.0000000e+00  -2.6178735e-02   2.4221633e+00  -7.7530389e-02
   1.1906924e+01   0.0000000e+00   0.0000000e+00   0.0000000e+00  -2.6184908e-02   2.4221879e+00  -7.7523959e-02
   1.1926911e+01   0.0000000e+00   0.0000000e+00   0.0000000e+00  -2.5352257e-02   2.4222424e+00  -7.7493193e-02
   1.1940070e+01   0.0000000e+00   0.0000000e+00   0.0000000e+00  -2.6216103e-02   2.4221869e+00  -7.7539525e-02
   1.1960431e+01   0.0000000e+00   0.0000000e+00   0.0000000e+00  -2.6237373e-02   2.4221810e+00  -7.7546285e-02
   1.1980194e+01   0.0000000e+00   0.0000000e+00   0.0000000e+00  -2.6209098e-02   2.4221854e+00  -7.7545473e-02
   1.2000221e+01   0.0000000e+00   0.0000000e+00   0.0000000e+00  -2.5497592e-02   2.4222393e+00  -7.7514902e-02
   1.2013523e+01   0.0000000e+00   0.0000000e+00   0.0000000e+00  -2.5383536e-02   2.4222371e+00  -7.7506710e-02
   1.2033739e+01   0.0000000e+00   0.0000000e+00   0.0000000e+00  -2.6134238e-02   2.4221815e+00  -7.7539028e-02
   1.2053678e+01   0.0000000e+00   0.0000000e+00   0.0000000e+00  -2.6153893e-02   2.4221830e+00  -7.7536877e-02
   1.2073537e+01   0.0000000e+00   0.0000000e+00   0.0000000e+00  -2.5352075e-02   2.4222277e+00  -7.7499248e-02
   1.2087060e+01   0.0000000e+00   0.0000000e+00   0.0000000e+00  -2.6197443e-02   2.4221714e+00  -7.7537051e-02
   1.2107053e+01   0.0000000e+00   0.0000000e+00   0.0000000e+00  -2.6179174e-02   2.4221397e+00  -7.7541251e-02
   1.2127004e+01   0.0000000e+00   0.0000000e+00   0.0000000e+00  -2.6151721e-02   2.4221311e+00  -7.7535382e-02
   1.2146966e+01   0.0000000e+00   0.0000000e+00   0.0000000e+00  -2.6182197e-02   2.4221659e+00  -7.7549044e-02
   1.2160199e+01   0.0000000e+00   0.0000000e+00   0.0000000e+00  -2.5463810e-02   2.4222183e+00  -7.7503257e-02
   1.2180352e+01   0.0000000e+00   0.0000000e+00   0.0000000e+00  -2.6116478e-02   2.4221659e+00  -7.7541069e-02
   1.2200370e+01   0.0000000e+00   0.0000000e+00   0.0000000e+00  -2.6152759e-02   2.4221566e+00  -7.7537905e-02
   1.2220327e+01   0.0000000e+00   0.0000000e+00   0.0000000e+00  -2.6273203e-02   2.4221719e+00  -7.7538083e-02
   1.2233491e+01   0.0000000e+00   0.0000000e+00   0.0000000e+00  -2.6243339e-02   2.4221405e+00  -7.7542384e-02
   1.2253658e+01   0.0000000e+00   0.0000000e+00   0.0000000e+00  -2.5495297e-02   2.4222168e+00  -7.7512396e-02
   1.2273716e+01   0.0000000e+00   0.0000000e+00   0.0000000e+00  -2.5429720e-02   2.4222143e+00  -7.7521109e-02
   1.2293637e+01   0.0000000e+00   0.0000000e+00   0.0000000e+00  -2.6234300e-02   2.4221614e+00  -7.7541752e-02
   1.2306803e+01   0.0000000e+00   0.0000000e+00   0.0000000e+00  -2.6104863e-02   2.4221445e+00  -7.7534296e-02
   1.2327031e+01   0.0000000e+00   0.0000000e+00   0.0000000e+00  -2.6161448e-02   2.4221521e+00  -7.7530618e-02
   1.2347045e+01   0.0000000e+00   0.0000000e+00   0.0000000e+00  -2.6241816e-02   2.4221680e+00  -7.7542964e-02
   1.2367106e+01   0.0000000e+00   0.0000000e+00   0.0000000e+00  -2.6122206e-02   2.4221221e+00  -7.7541582e-02
   1.2380260e+01   0.0000000e+00   0.0000000e+00   0.0000000e+00  -2.6190039e-02   2.4221546e+00  -7.7539356e-02
   1.2400319e+01   0.0000000e+00   0.0000000e+00   0.0000000e+00  -2.6099873e-02   2.4221547e+00  -7.7542483e-02
   1.2420353e+01   0.0000000e+00   0.0000000e+00   0.0000000e+00  -2.5480997e-02   2.4222065e+00  -7.7524660e-02
   1.2440379e+01   0.0000000e+00   0.0000000e+00   0.0000000e+00  -2.6120849e-02   2.4221528e+00  -7.7538193e-02
   1.2453585e+01   0.0000000e+00   0.0000000e+00   0.0000000e+00  -2.6110735e-02   2.4221515e+00  -7.7544253e-02
   1.2473833e+01   0.0000000e+00   0.0000000e+00   0.0000000e+00  -2.5372996e-02   2.4221960e+00  -7.7503080e-02
   1.2493681e+01   0.0000000e+00   0.0000000e+00   0.0000000e+00  -2.6230825e-02   2.4221464e+00  -7.7544982e-02
   1.2513679e+01   0.0000000e+00   0.0000000e+00   0.0000000e+00  -2.6127166e-02   2.4221495e+00  -7.7547959e-02
   1.2527067e+01   0.0000000e+00   0.0000000e+00   0.0000000e+00  -2.5464721e-02   2.4221848e+00  -7.7516566e-02
   1.2547241e+01   0.0000000e+00   0.0000000e+00   0.0000000e+00  -2.6120730e-02   2.4221329e+00  -7.7537734e-02
   1.2567158e+01   0.0000000e+00   0.0000000e+00   0.0000000e+00  -2.6143861e-02   2.4221407e+00  -7.7552241e-02
   1.2587168e+01   0.0000000e+00   0.0000000e+00   0.0000000e+00  -2.5443163e-02   2.4221941e+00  -7.7523077e-02
   1.2600293e+01   0.0000000e+00   0.0000000e+00   0.0000000e+00  -2.5351007e-02   2.4221505e+00  -7.7495757e-02
   1.2620444e+01   0.0000000e+00   0.0000000e+00   0.0000000e+00  -2.5283283e-02   2.4221449e+00  -7.7493523e-02
   1.2640502e+01   0.0000000e+00   0.0000000e+00   0.0000000e+00  -2.6280312e-02   2.4221469e+00  -7.7557962e-02
   1.2660516e+01   0.0000000e+00   0.0000000e+00   0.0000000e+00  -2.5346274e-02   2.4221435e+00  -7.7484790e-02
   1.2673696e+01   0.0000000e+00   0.0000000e+00   0.0000000e+00  -2.5422666e-02   2.4221895e+00  -7.7522726e-02
   1.2693825e+01   0.0000000e+00   0.0000000e+00   0.0000000e+00  -2.6155047e-02   2.4221387e+00  -7.7546777e-02
   1.2713824e+01   0.0000000e+00   0.0000000e+00   0.0000000e+00  -2.5458124e-02   2.4221970e+00  -7.7529277e-02
   1.2733768e+01   0.0000000e+00   0.0000000e+00   0.0000000e+00  -2.6230958e-02   2.4220970e+00  -7.7564885e-02
   1.2746932e+01   0.0000000e+00   0.0000000e+00   0.0000000e+00  -2.6097661e-02   2.4221337e+00  -7.7545819e-02
   1.2767164e+01   0.0000000e+00   0.0000000e+00   0.0000000e+00  -2.6197727e-02   2.4221390e+00  -7.7538031e-02
   1.2787194e+01   0.0000000e+00   0.0000000e+00   0.0000000e+00  -2.6148540e-02   2.4221311e+00  -7.7533397e-02
   1.2807152e+01   0.0000000e+00   0.0000000e+00   0.0000000e+00  -2.6081903e-02   2.4221171e+00  -7.7536885e-02
   1.2820308e+01   0.0000000e+00   0.0000000e+00   0.0000000e+00  -2.6169389e-02   2.4221338e+00  -7.7554017e-02
   1.2840458e+01   0.0000000e+00   0.0000000e+00   0.0000000e+00  -2.6243607e-02   2.4221394e+00  -7.7549722e-02
   1.2860506e+01   0.0000000e+00   0.0000000e+00   0.0000000e+00  -2.5411431e-02   2.4221856e+00  -7.7529154e-02
   1.2880468e+01   0.0000000e+00   0.0000000e+00   0.0000000e+00  -2.5311104e-02   2.4221353e+00  -7.7495628e-02
   1.2893760e+01   0.0000000e+00   0.0000000e+00   0.0000000e+00  -2.5325951e-02   2.4220799e+00  -7.7455489e-02
   1.2913945e+01   0.0000000e+00   0.0000000e+00   0.0000000e+00  -2.5940918e-02   2.4221026e+00  -7.7545388e-02
   1.2933801e+01   0.0000000e+00   0.0000000e+00   0.0000000e+00  -2.5517563e-02   2.4221887e+00  -7.7527675e-02
